SAMPLES:	21099
BITSPERSAMPLE:	16
CHANNELS:	1
SAMPLERATE:	16000
NORMALIZED:	FALSE
0
0
0
1
0
0
-2
-2
-1
0
-2
-2
-2
0
0
0
0
0
0
0
-1
-2
-2
-1
0
1
2
2
2
3
3
2
1
0
1
0
0
0
1
1
2
2
2
1
2
1
-1
-1
0
-1
-1
0
1
0
1
2
2
3
3
1
1
1
1
0
-1
-1
-1
-2
-2
-1
0
-1
0
0
0
0
-2
-2
-2
-3
-2
-3
-2
-2
-1
-1
1
0
1
1
1
0
1
1
1
1
1
2
1
1
0
1
0
1
1
0
-1
0
1
0
1
-1
-1
-1
0
1
1
0
1
2
2
2
0
1
-1
-1
-1
-1
-1
-1
-1
-1
1
1
2
1
0
0
1
1
1
1
0
1
1
1
1
1
0
2
1
2
1
2
2
1
2
1
1
1
0
0
0
-1
-2
-2
-1
-2
-2
-3
-3
-3
-3
-3
-3
-2
-2
-2
-2
-3
-2
-1
0
0
0
0
-1
-1
-1
-1
0
1
2
3
4
3
2
2
2
2
2
2
2
2
1
1
1
2
1
0
0
-1
-1
-1
-1
-1
-1
-1
1
2
3
3
0
0
0
-1
-2
-2
-3
-2
-2
-1
0
-1
0
0
0
-1
0
-1
-2
-2
-1
-2
-2
-2
-1
0
0
-1
0
0
0
-1
0
0
1
2
2
2
1
0
1
0
0
-1
-1
1
1
2
2
2
2
1
1
1
1
0
1
1
0
1
1
2
2
2
1
1
0
0
-1
1
0
0
0
-1
-1
-1
0
-1
-1
-1
-1
-1
-1
0
0
-1
-1
-2
-2
-2
-3
-3
-2
-3
-1
-1
-1
-1
-1
0
0
0
1
1
1
1
0
1
0
0
0
0
1
1
1
2
1
1
1
1
0
-1
-1
-1
0
1
1
1
1
1
1
0
0
-1
-2
-1
-1
-1
0
-1
-2
-2
-1
-1
1
2
2
2
3
3
3
4
3
2
2
1
0
0
-1
-2
-1
-1
0
0
0
2
2
0
-1
0
-1
-2
-2
-3
-3
-3
-2
-1
-1
0
0
0
-1
-2
-1
0
0
0
-1
1
0
0
1
1
2
3
2
2
1
0
0
0
1
1
0
0
0
1
1
0
0
-2
-2
-1
-1
0
1
1
1
0
0
0
-1
-1
-2
-1
0
0
-1
0
-2
-2
-3
-1
-1
0
0
0
2
1
2
2
2
2
1
0
0
1
2
1
2
1
1
0
-2
-1
-2
-2
-1
1
0
0
0
-1
0
0
1
1
1
0
-1
1
0
-1
-1
-1
-1
-1
-2
-2
-1
0
0
1
1
1
2
3
1
0
0
0
0
0
0
-1
-1
-1
-1
-2
0
1
1
0
1
0
0
1
1
1
1
2
0
1
2
2
2
2
1
0
0
-1
-2
-2
-2
-4
-4
-5
-4
-3
-4
-3
-2
-2
0
-1
0
1
0
1
2
1
1
0
2
1
1
0
1
0
1
1
1
2
3
2
3
3
2
3
1
-1
-1
-2
-4
-3
-4
-3
-3
-1
0
0
2
4
3
3
3
1
-1
-1
-2
-3
-4
-3
-3
-1
1
1
1
3
3
5
6
5
4
2
1
1
0
-1
-2
-1
-3
-1
1
0
0
0
0
0
-1
-2
-4
-3
-4
-4
-2
-1
0
1
1
2
2
1
0
-1
-1
-1
-2
-1
-3
-3
-4
-4
-5
-4
-2
-1
1
2
4
3
4
2
1
1
2
2
2
2
3
2
1
0
-1
0
1
1
0
0
0
1
0
-1
-1
-1
0
0
1
1
2
1
3
2
2
2
0
1
-1
-2
-1
-2
-2
-1
-2
-2
-1
0
1
1
1
3
3
3
2
2
0
-1
-1
-4
-4
-4
-3
-2
-2
-3
-1
-1
1
-1
-1
-1
0
1
0
-1
-2
-2
-2
0
1
3
4
4
4
4
3
3
2
1
0
-1
0
0
0
-1
-1
-1
-2
-2
-2
-1
0
-1
0
0
1
0
0
0
-1
0
-1
-1
-1
0
0
1
0
1
2
2
2
2
2
2
2
1
0
0
1
0
-1
-2
-1
-1
0
0
1
1
1
-1
-1
-2
0
0
0
1
1
0
-1
0
-1
-1
-2
-2
-3
-3
-2
-1
0
0
-1
0
-1
-1
-2
-1
0
1
1
3
3
2
2
2
1
1
1
0
0
0
-1
0
0
1
1
2
2
3
2
1
2
2
1
0
0
1
0
-1
-1
-1
-1
-1
-1
-1
-1
-1
-2
-2
-2
-3
-4
-3
-5
-5
-5
-6
-5
-5
-2
0
1
2
4
3
4
4
5
4
3
2
1
0
1
1
1
2
3
3
3
2
2
3
3
2
1
-1
-2
-3
-4
-5
-3
-4
-3
-3
-2
-1
1
3
4
3
2
3
2
-1
-1
-1
-2
-2
-3
-2
-2
0
1
0
2
2
4
4
3
3
1
0
-1
-2
-2
-2
-2
0
0
0
1
1
0
0
0
1
2
1
-1
-1
-1
-2
-3
-3
-2
-2
-2
-2
-2
-1
-1
-1
-2
-2
-1
0
-2
-2
-2
-3
-2
-3
-2
-2
0
2
3
5
5
3
4
4
4
2
1
1
0
0
0
1
2
2
2
2
3
4
3
3
2
1
1
-1
-1
-2
-2
-2
-3
-2
-2
-2
-2
-2
-2
-2
-2
-1
-1
-1
-2
-3
-2
-1
-1
-1
-1
-2
0
-1
0
1
2
1
1
0
0
1
1
2
1
1
2
2
0
1
0
2
1
1
2
2
2
1
1
0
-1
-2
-3
-3
-2
-2
-1
0
1
-1
0
0
0
0
1
0
1
1
1
0
-1
-1
0
-1
-1
-1
1
2
2
2
2
2
1
0
1
0
-1
-2
-1
-1
-1
-1
0
-1
-2
-1
0
-1
1
1
0
1
1
1
1
-1
-1
-1
-1
-1
0
0
0
0
0
1
0
-2
-2
-3
-3
-3
-4
-3
-2
-2
-1
0
0
0
2
3
2
3
1
1
2
2
2
1
1
1
0
1
1
1
1
1
0
1
2
2
4
3
1
0
-2
-3
-3
-4
-3
-2
-1
0
0
1
0
1
-1
-1
-2
-3
-3
-2
-1
-1
1
1
1
1
1
1
1
1
0
0
0
-1
-2
-1
0
0
0
0
1
2
2
2
2
1
0
0
1
1
1
3
3
4
3
2
1
1
1
0
-1
-1
-2
-3
-3
-3
-3
-3
-2
-1
-1
0
0
0
1
0
1
0
-1
-1
-2
-2
-2
-1
-1
-1
-1
-1
0
1
0
1
1
1
1
1
0
0
0
0
-1
-2
-1
-2
-2
-2
-1
-1
-1
0
1
1
1
0
-1
0
-2
-1
0
-1
-1
-2
-1
-1
-1
0
2
3
2
3
2
4
3
2
2
2
3
3
1
1
0
0
0
-1
0
0
0
0
0
0
1
-1
-1
0
0
1
1
0
1
-1
0
0
-1
-1
-1
-2
-2
-1
-1
1
-1
-2
-2
-2
-1
-1
-1
0
0
1
1
-1
-2
-1
-2
-3
-4
-3
-3
-3
-3
-3
-2
-1
0
-1
-1
-2
-2
-1
2
2
2
3
3
4
5
6
6
5
3
2
1
0
0
1
1
0
2
2
3
2
3
3
2
0
-1
-1
-1
0
-2
-2
-2
-3
-2
-3
-3
-3
-3
-2
-1
0
1
1
1
2
1
0
-1
0
0
0
1
2
2
2
3
4
6
5
5
3
1
0
0
0
-1
-1
-1
0
-1
-1
0
0
1
1
1
0
-1
-4
-5
-4
-4
-4
-3
-3
-1
-1
-1
-1
1
0
-1
-2
-2
-3
-3
-3
-3
-4
-5
-3
-3
-1
0
1
2
2
3
3
2
1
1
0
1
0
1
3
3
4
3
4
4
3
3
3
3
1
2
1
2
3
1
-1
-1
-1
-1
-1
-2
-1
-2
-3
-2
-1
1
1
1
-1
-3
-3
-3
-4
-4
-2
-2
-1
2
3
3
4
2
2
1
-1
-1
-1
0
1
0
0
0
0
1
1
1
0
2
2
2
3
3
2
1
-1
0
0
-1
-1
-2
-2
-2
-1
-2
-1
-1
-1
0
1
1
3
2
1
-1
-2
-3
-4
-4
-4
-4
-3
-3
-2
-2
-2
-1
-1
-1
-1
0
1
0
1
2
2
2
2
3
2
1
2
2
1
0
0
0
-1
-1
-1
-1
-1
-1
0
0
0
0
2
-1
-1
-1
-3
-3
-3
-3
-2
0
0
0
2
1
1
3
4
3
3
3
1
1
1
1
1
0
0
0
0
2
4
5
6
7
5
4
4
3
1
-1
-3
-5
-5
-4
-3
-1
0
0
0
-1
1
-1
-2
-3
-4
-5
-4
-4
-4
-5
-5
-6
-4
-3
-2
-3
-2
-1
-2
-1
-1
0
1
1
1
1
1
1
2
3
2
3
2
2
2
2
2
3
3
4
3
2
3
4
5
6
5
3
2
2
1
0
-2
-2
-2
-2
-3
-2
-4
-3
-2
-2
-2
-2
-2
-1
-2
-3
-3
-3
-3
-3
-2
-1
0
2
3
2
2
2
1
1
1
1
0
-1
-2
-1
-1
-1
-2
0
2
1
0
0
-1
0
-1
-1
0
2
2
2
1
0
-1
-3
-3
0
0
1
1
1
2
1
1
1
-1
-1
-2
-2
-3
-3
-2
-1
0
0
-1
0
0
0
1
2
1
1
0
0
1
0
1
1
1
2
2
2
2
2
2
0
1
2
0
0
-1
-1
0
-2
-2
-1
-2
-1
-1
-2
-2
-1
-1
0
2
2
1
1
-1
-1
0
-1
0
0
-1
-1
0
-1
-1
0
0
1
2
2
2
2
3
3
1
0
-2
-1
-2
-1
-2
-2
-1
0
0
1
2
3
3
2
2
1
-1
-2
-4
-5
-6
-6
-6
-6
-4
-3
-2
-1
-1
1
3
3
6
12
15
16
20
22
24
28
29
28
25
22
18
8
-1
-9
-19
-32
-41
-48
-56
-58
-62
-64
-58
-50
-39
-29
-21
-9
4
11
19
25
26
21
14
7
-4
-18
-24
-29
-35
-37
-31
-21
-13
3
24
41
52
65
75
74
74
68
55
36
18
4
-10
-23
-27
-22
-18
-9
10
29
43
59
78
89
95
98
97
90
78
64
47
27
9
-6
-23
-39
-50
-59
-67
-73
-76
-78
-77
-76
-72
-66
-59
-54
-46
-40
-37
-33
-32
-31
-35
-38
-43
-48
-51
-51
-51
-47
-43
-34
-25
-14
-3
6
14
18
19
17
13
10
3
-5
-12
-17
-21
-23
-20
-17
-11
-4
6
16
26
38
48
57
64
70
76
78
79
78
77
77
70
66
62
57
54
52
45
40
37
37
36
35
38
40
44
50
58
63
62
60
62
59
48
35
21
6
-12
-29
-41
-56
-70
-80
-85
-88
-90
-84
-83
-87
-86
-81
-76
-76
-76
-68
-68
-74
-74
-73
-81
-97
-102
-102
-123
-144
-143
-149
-165
-173
-163
-156
-161
-157
-153
-166
-171
-165
-164
-174
-186
-185
-182
-187
-182
-163
-136
-116
-79
10
111
187
254
329
375
397
428
429
382
322
254
138
11
-66
-116
-185
-254
-287
-268
-226
-198
-166
-94
-26
-12
4
39
36
24
66
99
134
343
679
927
1172
1605
2045
2308
2593
2945
3095
3035
2950
2704
2170
1601
1058
284
-637
-1412
-2125
-2950
-3659
-4066
-4347
-4579
-4607
-4413
-4134
-3751
-3199
-2565
-1958
-1358
-733
-181
241
632
1036
1326
1437
1531
1675
1737
1702
1733
1816
1804
1741
1730
1690
1566
1458
1358
1121
778
488
209
-189
-614
-925
-1200
-1533
-1821
-1955
-2000
-2005
-1894
-1670
-1426
-1146
-757
-345
6
370
767
1049
1178
1279
1352
1304
1172
1019
799
501
211
-44
-295
-519
-676
-793
-896
-957
-921
-781
-580
-304
63
472
903
1483
2186
2801
3333
3935
4452
4665
4760
4863
4712
4245
3689
2989
1985
939
31
-1021
-2195
-3144
-3908
-4743
-5446
-5763
-5901
-5982
-5855
-5522
-5145
-4670
-4021
-3340
-2694
-2031
-1376
-801
-308
162
630
1074
1416
1667
1932
2182
2359
2525
2730
2869
2886
2875
2809
2617
2367
2101
1714
1172
606
33
-604
-1219
-1722
-2134
-2504
-2766
-2869
-2821
-2624
-2274
-1788
-1224
-623
22
680
1307
1882
2402
2799
3011
3084
3050
2902
2634
2279
1852
1349
798
234
-299
-777
-1200
-1569
-1884
-2149
-2350
-2457
-2477
-2438
-2333
-2175
-2010
-1848
-1638
-1374
-1107
-850
-602
-386
-209
-29
190
440
718
1056
1460
1881
2341
2959
3728
4439
5046
5666
6213
6468
6518
6492
6186
5473
4561
3462
2002
392
-1078
-2599
-4268
-5730
-6863
-7900
-8733
-9055
-9007
-8796
-8285
-7449
-6503
-5449
-4182
-2870
-1701
-618
392
1216
1842
2347
2752
3027
3166
3174
3123
3071
3003
2937
2912
2884
2785
2675
2563
2368
2104
1842
1492
957
319
-324
-1001
-1695
-2315
-2850
-3319
-3677
-3846
-3788
-3485
-2970
-2285
-1471
-580
361
1349
2328
3177
3880
4427
4737
4765
4619
4344
3888
3247
2501
1681
799
-72
-873
-1582
-2193
-2695
-3100
-3424
-3651
-3717
-3614
-3444
-3259
-3017
-2703
-2369
-2017
-1622
-1212
-835
-486
-158
105
340
579
811
980
1146
1344
1571
1793
2097
2495
2998
3629
4317
4907
5410
5945
6372
6525
6480
6274
5709
4776
3669
2370
816
-741
-2236
-3869
-5490
-6794
-7810
-8695
-9211
-9255
-9064
-8679
-7949
-6962
-5892
-4654
-3269
-2018
-922
136
1066
1776
2324
2781
3063
3159
3159
3083
2968
2870
2806
2711
2621
2516
2413
2332
2219
2008
1755
1454
984
368
-261
-858
-1555
-2199
-2810
-3277
-3738
-3618
-3471
-3131
-2554
-1700
-694
129
1256
2288
3320
4005
4629
4929
4942
4846
4566
3908
3233
2446
1638
767
-189
-822
-1468
-2012
-2625
-2906
-3215
-3446
-3476
-3506
-3416
-3327
-3121
-2885
-2709
-2394
-1934
-1585
-1261
-921
-538
-270
29
302
537
765
852
1044
1119
1220
1426
1670
1833
2058
2383
2768
3294
3922
4538
5027
5509
5921
6104
6044
5998
5656
4905
3962
2832
1403
-79
-1453
-2950
-4499
-5850
-6902
-7894
-8607
-8842
-8773
-8557
-8051
-7260
-6395
-5351
-4128
-2906
-1814
-780
154
891
1454
1954
2328
2534
2608
2589
2501
2432
2392
2359
2370
2367
2353
2310
2272
2185
2072
1893
1610
1101
551
-19
-633
-1309
-1866
-2379
-2833
-2931
-3033
-2805
-2398
-1598
-824
35
965
1976
2899
3653
4306
4671
4820
4801
4500
3880
3318
2550
1769
841
-84
-887
-1579
-2203
-2768
-3071
-3390
-3553
-3643
-3685
-3595
-3409
-3170
-2932
-2764
-2445
-2057
-1747
-1399
-1007
-669
-436
-92
128
385
628
794
965
998
1127
1286
1473
1614
1896
2195
2511
2957
3689
4355
4994
5522
6210
6582
6638
6739
6575
6002
5086
4132
2762
1121
-406
-1907
-3645
-5312
-6629
-7751
-8876
-9478
-9577
-9563
-9260
-8604
-7638
-6731
-5551
-4195
-2951
-1849
-797
204
934
1505
2050
2452
2663
2739
2781
2818
2789
2825
2876
2937
2897
2893
2962
2912
2760
2585
2366
1938
1277
689
29
-772
-1538
-2172
-2817
-3406
-3443
-3508
-3331
-2957
-2077
-1143
-232
848
2044
3078
3890
4696
5106
5264
5260
5052
4372
3662
2781
1947
946
-123
-953
-1727
-2430
-3057
-3387
-3730
-3893
-3954
-3946
-3907
-3738
-3473
-3152
-2950
-2659
-2183
-1888
-1551
-1207
-756
-469
-131
148
425
605
796
984
1117
1194
1367
1597
1697
1983
2288
2769
3156
3969
4711
5358
5872
6537
7030
7108
7174
7032
6447
5416
4389
2981
1291
-401
-1896
-3737
-5566
-7011
-8178
-9281
-10023
-10106
-10096
-9831
-9189
-8160
-7151
-5930
-4474
-3102
-1952
-861
199
1036
1674
2178
2643
2826
2925
2929
2990
3009
3008
3088
3138
3163
3084
3126
3144
2947
2671
2442
1944
1231
527
-155
-949
-1833
-2496
-3206
-3506
-3855
-3837
-3514
-3025
-2223
-1328
-230
863
2018
3126
4118
4812
5259
5598
5675
5187
4735
4146
3241
2277
1231
298
-713
-1561
-2283
-2886
-3422
-3821
-3970
-4146
-4298
-4163
-4001
-3792
-3599
-3321
-2854
-2540
-2145
-1705
-1258
-952
-581
-132
105
338
590
801
949
1014
1216
1449
1531
1746
2000
2351
2720
3266
4130
4877
5647
6215
6950
7419
7556
7663
7470
6859
5810
4646
3217
1436
-324
-1944
-3803
-5694
-7314
-8453
-9588
-10355
-10472
-10403
-10096
-9500
-8438
-7365
-6186
-4725
-3310
-2151
-1103
-32
889
1486
2049
2506
2713
2824
2838
2956
2974
3025
3155
3232
3287
3283
3371
3410
3268
3050
2735
2261
1526
752
3
-828
-1767
-2493
-3284
-3624
-3971
-3971
-3692
-3261
-2365
-1555
-321
701
2024
3132
4152
4919
5369
5736
5812
5499
4925
4292
3360
2463
1313
377
-625
-1428
-2198
-2866
-3338
-3831
-3941
-4169
-4264
-4274
-4166
-3953
-3769
-3543
-3171
-2803
-2460
-2083
-1638
-1227
-867
-435
-58
275
561
806
1098
1242
1401
1674
1820
2008
2164
2460
2800
3187
3828
4667
5392
6002
6569
7258
7530
7667
7667
7351
6555
5373
4150
2513
645
-1071
-2826
-4804
-6705
-8156
-9309
-10360
-10837
-10863
-10705
-10306
-9519
-8353
-7223
-5833
-4329
-2975
-1797
-735
328
1156
1774
2308
2657
2860
2919
2978
3093
3154
3253
3335
3447
3492
3461
3565
3545
3358
3028
2654
2153
1371
655
-89
-877
-1763
-2492
-3087
-3578
-3815
-3696
-3359
-2913
-2223
-1321
-304
700
1825
2926
3798
4442
4875
5161
5120
4909
4535
3943
3122
2206
1347
445
-418
-1178
-1824
-2467
-3040
-3453
-3711
-3936
-4063
-4034
-4002
-3900
-3768
-3452
-3105
-2758
-2356
-1935
-1560
-1228
-825
-375
-21
292
576
793
1027
1168
1472
1731
1904
2168
2398
2728
3107
3656
4564
5330
6020
6571
7218
7705
7793
7918
7646
6993
5882
4591
3073
1168
-650
-2356
-4353
-6406
-8109
-9371
-10475
-11248
-11336
-11250
-10899
-10217
-9103
-7824
-6531
-4898
-3388
-2139
-1010
110
1119
1828
2390
2832
3056
3143
3140
3241
3369
3442
3591
3669
3723
3701
3778
3872
3747
3411
3042
2554
1803
965
198
-571
-1508
-2313
-3076
-3601
-3978
-4003
-3737
-3386
-2763
-1978
-942
53
1181
2316
3331
4081
4608
5006
5172
5071
4732
4303
3583
2787
1886
1061
182
-641
-1361
-2067
-2663
-3204
-3521
-3778
-3976
-4058
-4047
-3963
-3864
-3657
-3335
-3004
-2610
-2220
-1810
-1464
-1122
-692
-300
14
271
556
784
1054
1253
1580
1810
2121
2369
2704
3194
3666
4599
5393
6178
6728
7335
7961
8146
8203
7981
7472
6332
4988
3489
1643
-349
-2138
-4103
-6204
-8076
-9458
-10490
-11428
-11691
-11582
-11259
-10675
-9607
-8257
-6935
-5329
-3740
-2412
-1250
-140
921
1748
2310
2791
3067
3196
3269
3383
3552
3667
3800
3859
3948
3964
3964
4078
3961
3637
3149
2664
1871
1084
292
-593
-1497
-2448
-3064
-3710
-4036
-4141
-3870
-3529
-2974
-2100
-1141
-15
1122
2264
3179
3998
4568
5011
5191
5112
4850
4331
3636
2769
1977
1099
301
-512
-1280
-1974
-2592
-3048
-3403
-3672
-3904
-4001
-4058
-4047
-3920
-3695
-3465
-3153
-2808
-2466
-2059
-1660
-1242
-800
-407
-105
241
483
770
1048
1366
1605
1889
2195
2464
2967
3387
4091
5067
5881
6645
7247
7945
8430
8625
8589
8241
7486
6179
4771
3128
1057
-901
-2775
-4906
-7029
-8804
-10042
-11128
-11914
-12073
-11893
-11509
-10799
-9480
-8104
-6752
-5039
-3457
-2151
-999
173
1261
1980
2511
2973
3255
3349
3431
3619
3736
3860
4000
4090
4194
4164
4199
4300
4112
3647
3122
2555
1671
691
-303
-1071
-2030
-3030
-3716
-4191
-4475
-4465
-3981
-3485
-2786
-1866
-638
563
1661
2848
4004
4737
5086
5466
5617
5456
4989
4419
3634
2659
1657
815
-13
-982
-1708
-2311
-2950
-3547
-3823
-3954
-4140
-4300
-4290
-4176
-4103
-3944
-3553
-3179
-2849
-2451
-2021
-1604
-1291
-795
-307
57
354
616
987
1166
1444
1817
2126
2433
2595
3130
3539
4271
5309
6163
6955
7473
8269
8685
8881
8835
8493
7595
6199
4696
2873
780
-1217
-3146
-5453
-7579
-9324
-10553
-11629
-12260
-12254
-12066
-11576
-10742
-9364
-7994
-6481
-4724
-3189
-1926
-760
409
1421
2126
2643
3085
3268
3339
3398
3608
3741
3863
4021
4122
4200
4163
4258
4296
4066
3532
3032
2276
1434
460
-402
-1349
-2457
-3345
-4155
-4629
-4966
-4697
-4276
-3690
-2905
-1827
-502
860
2306
3651
4830
5594
6212
6520
6634
6419
5937
5132
4032
2869
1634
590
-489
-1459
-2361
-3146
-3802
-4277
-4532
-4662
-4698
-4758
-4719
-4599
-4388
-4096
-3691
-3285
-2891
-2480
-2042
-1559
-1075
-594
-78
302
638
924
1281
1604
1847
2170
2393
2627
2759
3022
3467
3893
4754
5528
6214
6662
7226
7892
8112
8189
7974
7446
6292
4938
3435
1623
-371
-2204
-4184
-6377
-8265
-9635
-10626
-11519
-11790
-11682
-11341
-10692
-9604
-8191
-6828
-5235
-3637
-2323
-1215
-88
1011
1834
2370
2767
3009
3119
3173
3292
3477
3575
3685
3753
3872
3927
3961
4099
4035
3636
3079
2535
1779
865
-92
-954
-2035
-3037
-3887
-4148
-4451
-4493
-4032
-3416
-2603
-1728
-375
934
2243
3347
4498
5246
5633
5955
6181
5911
5210
4586
3651
2618
1390
482
-385
-1376
-2265
-2936
-3449
-4021
-4194
-4267
-4377
-4530
-4418
-4224
-4037
-3860
-3467
-2987
-2746
-2423
-1946
-1443
-1066
-619
-83
310
549
856
1213
1554
1633
1955
2197
2250
2353
2549
2985
3187
3813
4731
5489
6017
6585
7466
7873
7970
8021
7771
6895
5705
4465
2888
856
-1031
-2832
-5000
-7105
-8724
-9829
-10934
-11600
-11611
-11407
-10946
-10092
-8743
-7416
-6051
-4443
-2954
-1761
-714
380
1338
1936
2340
2665
2881
2986
3033
3218
3373
3455
3587
3776
3935
3939
4063
4186
3948
3429
2920
2340
1441
497
-341
-1284
-2334
-3173
-3760
-4226
-4488
-4346
-3892
-3386
-2626
-1572
-322
931
2156
3416
4398
5166
5676
6057
6124
5828
5338
4625
3695
2589
1591
615
-384
-1365
-2182
-2892
-3500
-3904
-4138
-4244
-4392
-4418
-4352
-4202
-4008
-3721
-3344
-3032
-2734
-2376
-1951
-1528
-1119
-686
-210
84
415
722
1084
1400
1677
1971
2196
2386
2599
2898
3258
3616
4132
5020
5637
6208
6648
7354
7711
7701
7644
7194
6336
5053
3822
2170
186
-1664
-3383
-5379
-7340
-8772
-9793
-10688
-11288
-11211
-10961
-10403
-9510
-8223
-6912
-5589
-4020
-2612
-1401
-376
672
1579
2177
2555
2888
3137
3248
3288
3414
3552
3569
3660
3779
3865
3771
3763
3786
3467
2927
2351
1735
849
-170
-1045
-1910
-2728
-3453
-3916
-4243
-4330
-4055
-3383
-2672
-1845
-777
480
1761
2793
3943
4852
5539
5800
5925
5819
5352
4763
3983
3044
1877
863
-81
-987
-1920
-2605
-3157
-3647
-4048
-4290
-4307
-4384
-4324
-4251
-4068
-3884
-3635
-3240
-2909
-2549
-2160
-1684
-1268
-912
-437
79
468
792
1116
1450
1725
1945
2274
2410
2571
2755
3026
3377
3687
4509
5222
5864
6351
6931
7520
7669
7770
7535
6915
5786
4525
3057
1248
-699
-2424
-4314
-6364
-8099
-9384
-10274
-11062
-11225
-11074
-10681
-9971
-8886
-7505
-6218
-4715
-3205
-1919
-884
91
1075
1844
2303
2633
2872
2980
3004
3088
3293
3363
3446
3559
3713
3730
3691
3781
3688
3256
2647
2067
1326
352
-580
-1434
-2404
-3331
-3948
-4128
-4320
-4260
-3736
-2956
-2128
-1140
262
1652
2842
3918
4929
5619
5936
6150
6175
5711
4916
4130
3188
2048
850
-77
-958
-1938
-2775
-3347
-3746
-4162
-4314
-4317
-4373
-4415
-4272
-4006
-3805
-3591
-3222
-2807
-2531
-2209
-1742
-1223
-874
-456
-8
359
638
951
1326
1606
1787
2094
2350
2494
2679
2948
3405
3754
4628
5311
5995
6516
7125
7703
7846
7946
7628
6971
5809
4554
2985
1143
-746
-2514
-4517
-6541
-8139
-9437
-10367
-11130
-11234
-11110
-10676
-9892
-8764
-7408
-6077
-4497
-3031
-1782
-697
351
1279
1974
2396
2720
2916
2987
3037
3133
3320
3331
3414
3529
3611
3581
3553
3641
3453
2979
2425
1874
1039
105
-791
-1688
-2718
-3593
-3972
-4430
-4587
-4547
-3883
-3208
-2447
-1228
127
1612
2806
4153
5242
6026
6576
6925
6899
6417
5743
4926
3869
2488
1305
153
-933
-2113
-2998
-3627
-4219
-4552
-4763
-4754
-4814
-4727
-4493
-4247
-4014
-3665
-3213
-2889
-2602
-2223
-1679
-1277
-868
-480
23
397
706
1159
1481
1786
1917
2227
2433
2494
2672
2835
3158
3333
4030
4861
5467
5967
6530
7231
7422
7518
7440
7048
6043
4885
3561
1886
-30
-1753
-3470
-5557
-7361
-8776
-9718
-10619
-11001
-10863
-10530
-9909
-9005
-7707
-6443
-5039
-3527
-2155
-1061
-76
882
1732
2246
2550
2788
2903
2919
2857
2991
3068
3099
3178
3299
3347
3271
3342
3371
3073
2567
2064
1450
592
-272
-1040
-1901
-2802
-3513
-4010
-4338
-4394
-4053
-3439
-2750
-1811
-622
772
2115
3411
4622
5563
6230
6595
6784
6635
6157
5427
4489
3340
2089
928
-166
-1241
-2243
-3046
-3705
-4199
-4511
-4621
-4634
-4625
-4539
-4428
-4226
-3994
-3636
-3278
-2957
-2630
-2273
-1803
-1396
-911
-450
32
425
778
1142
1459
1736
1986
2164
2299
2346
2444
2629
2761
3059
3461
4255
4859
5419
5930
6529
6995
7143
7211
6931
6272
5249
4136
2660
907
-874
-2502
-4373
-6304
-7811
-8942
-9794
-10470
-10524
-10319
-9863
-9052
-7922
-6647
-5407
-3965
-2554
-1390
-444
460
1289
1885
2200
2443
2601
2653
2667
2715
2870
2920
3033
3197
3302
3283
3268
3344
3163
2714
2179
1663
942
131
-680
-1469
-2320
-3065
-3535
-3904
-4043
-3939
-3451
-2882
-2163
-1186
63
1381
2588
3747
4754
5563
6054
6384
6400
6110
5518
4751
3767
2576
1433
348
-701
-1784
-2691
-3404
-3948
-4339
-4547
-4621
-4641
-4582
-4452
-4237
-3981
-3620
-3236
-2870
-2563
-2176
-1711
-1268
-829
-422
32
354
670
958
1253
1504
1742
1924
2080
2130
2313
2523
2749
3065
3454
4280
4890
5556
6044
6690
7166
7308
7356
7044
6364
5290
4121
2655
874
-955
-2550
-4426
-6309
-7904
-9011
-9876
-10561
-10591
-10429
-9946
-9195
-8023
-6729
-5498
-4033
-2612
-1437
-488
433
1321
1953
2293
2570
2707
2824
2846
2947
3111
3135
3235
3307
3420
3360
3309
3346
3182
2706
2124
1563
881
-9
-809
-1522
-2384
-3130
-3722
-3970
-4156
-3979
-3432
-2712
-1909
-955
340
1614
2788
3887
4912
5596
5972
6093
6079
5684
5025
4247
3298
2198
1003
84
-863
-1763
-2572
-3161
-3631
-4052
-4254
-4289
-4284
-4312
-4203
-4002
-3804
-3572
-3183
-2818
-2523
-2205
-1770
-1311
-909
-497
6
394
670
973
1280
1534
1659
1855
1997
2105
2206
2391
2635
2870
3242
3997
4702
5289
5809
6398
6958
7137
7254
7065
6556
5607
4437
3106
1352
-434
-2110
-3906
-5825
-7518
-8734
-9661
-10412
-10655
-10560
-10146
-9462
-8413
-7105
-5875
-4418
-2968
-1693
-647
287
1221
1907
2359
2634
2806
2924
2923
2965
3091
3126
3200
3257
3362
3347
3262
3315
3207
2835
2268
1712
1057
192
-641
-1332
-2159
-2940
-3562
-3918
-4129
-4135
-3643
-3038
-2341
-1503
-309
1070
2320
3548
4681
5543
6081
6393
6523
6309
5718
4982
3978
2754
1434
299
-669
-1778
-2757
-3552
-4102
-4555
-4817
-4794
-4752
-4659
-4513
-4247
-3962
-3650
-3178
-2688
-2345
-2034
-1654
-1180
-807
-460
-11
329
635
855
1187
1490
1681
1966
2131
2264
2392
2623
2969
3184
3690
4432
5102
5626
6039
6692
7122
7279
7317
6990
6319
5256
4107
2727
914
-811
-2543
-4378
-6266
-7895
-8937
-9858
-10429
-10603
-10496
-10024
-9300
-8093
-6824
-5552
-4123
-2762
-1487
-488
467
1421
2098
2566
2789
2971
3073
3051
3125
3157
3125
3077
3096
3170
3032
2945
2933
2749
2309
1728
1285
605
-174
-939
-1593
-2326
-3058
-3503
-3817
-3933
-3825
-3238
-2538
-1736
-812
389
1583
2647
3671
4576
5273
5560
5773
5698
5414
4813
4164
3375
2359
1374
475
-307
-1218
-1976
-2617
-3143
-3651
-3947
-4092
-4231
-4314
-4288
-4100
-3972
-3692
-3332
-2880
-2546
-2159
-1669
-1220
-803
-458
3
297
556
779
1077
1292
1383
1542
1744
1929
2026
2258
2522
2870
3248
4064
4844
5457
5980
6630
7277
7410
7514
7384
6886
5827
4618
3290
1528
-381
-2117
-3910
-5930
-7722
-8974
-9858
-10681
-10944
-10803
-10370
-9712
-8665
-7284
-5979
-4538
-3092
-1756
-694
210
1130
1900
2351
2579
2739
2920
2944
2918
3080
3183
3228
3218
3380
3405
3267
3273
3250
2917
2321
1789
1205
364
-491
-1139
-1946
-2779
-3495
-3826
-4042
-4067
-3635
-3025
-2211
-1359
-177
1081
2300
3494
4575
5403
5846
6070
6148
5930
5341
4625
3727
2704
1471
403
-567
-1554
-2408
-3149
-3677
-4227
-4504
-4570
-4588
-4582
-4477
-4215
-3966
-3717
-3324
-2893
-2493
-2074
-1676
-1200
-886
-438
-19
327
598
803
1160
1351
1507
1727
1966
2191
2348
2632
3041
3429
4192
5060
5792
6323
6848
7579
7820
7862
7710
7209
6216
4847
3505
1794
-168
-1946
-3720
-5665
-7603
-9006
-9884
-10724
-11107
-11058
-10669
-10031
-9113
-7708
-6367
-4942
-3477
-2090
-864
64
1055
1949
2555
2862
3013
3239
3303
3234
3325
3397
3386
3280
3345
3401
3196
3146
3106
2855
2233
1591
1041
244
-571
-1356
-2124
-2970
-3693
-4053
-4258
-4264
-3954
-3301
-2407
-1446
-260
1087
2436
3673
4721
5628
6209
6472
6519
6252
5675
4806
3878
2840
1604
447
-610
-1541
-2463
-3222
-3732
-4176
-4438
-4588
-4612
-4623
-4549
-4322
-4056
-3792
-3456
-3071
-2645
-2236
-1815
-1321
-908
-446
-63
339
663
938
1280
1512
1711
1850
2099
2304
2487
2674
3020
3399
4052
4879
5582
6169
6668
7373
7671
7759
7622
7184
6291
5016
3656
1973
78
-1740
-3533
-5525
-7405
-8899
-9884
-10742
-11152
-11104
-10777
-10099
-9190
-7845
-6497
-5026
-3520
-2154
-940
47
1017
1883
2480
2823
2980
3143
3226
3167
3260
3340
3356
3289
3304
3365
3177
3111
3065
2784
2232
1598
1077
290
-541
-1229
-1982
-2749
-3461
-3815
-4036
-4095
-3750
-3093
-2298
-1412
-342
979
2262
3467
4577
5430
6023
6230
6334
6135
5586
4827
3916
2875
1609
471
-482
-1412
-2346
-3103
-3674
-4128
-4486
-4570
-4556
-4573
-4468
-4267
-3966
-3759
-3403
-2956
-2545
-2176
-1803
-1340
-955
-558
-115
297
555
781
1041
1322
1475
1680
1965
2194
2394
2609
3074
3535
4270
5136
5897
6463
6967
7634
7974
8020
7814
7322
6334
4983
3497
1805
-131
-2007
-3857
-5846
-7722
-9217
-10151
-10892
-11240
-11206
-10821
-10106
-9132
-7787
-6355
-4838
-3354
-1993
-795
205
1113
1968
2592
2906
3001
3125
3224
3181
3263
3351
3375
3285
3307
3366
3245
3161
3090
2813
2213
1550
949
187
-675
-1419
-2230
-3033
-3769
-4136
-4256
-4210
-3823
-3176
-2229
-1280
-74
1299
2639
3851
4900
5761
6279
6470
6466
6254
5640
4781
3787
2772
1519
375
-576
-1514
-2364
-3138
-3660
-4129
-4449
-4597
-4633
-4643
-4666
-4487
-4212
-3958
-3640
-3201
-2745
-2347
-1938
-1481
-1000
-560
-140
260
608
827
1095
1395
1611
1828
2070
2376
2575
2908
3327
4021
4930
5729
6446
6995
7616
8108
8376
8333
7927
7133
5917
4485
2852
924
-1014
-2882
-4944
-6979
-8722
-9919
-10813
-11366
-11496
-11329
-10746
-9869
-8588
-7171
-5726
-4155
-2675
-1380
-256
751
1657
2387
2882
3070
3133
3268
3281
3304
3352
3360
3327
3276
3336
3304
3215
3147
2985
2564
1895
1240
549
-329
-1160
-1943
-2804
-3605
-4180
-4448
-4549
-4323
-3814
-3094
-2156
-1059
318
1768
3154
4434
5524
6352
6895
7177
7170
6821
6156
5199
4080
2865
1530
307
-861
-2009
-3030
-3842
-4454
-4938
-5165
-5253
-5266
-5207
-5053
-4724
-4341
-3919
-3433
-2983
-2586
-2153
-1634
-1152
-722
-247
137
472
774
1054
1412
1648
1819
1984
2164
2348
2532
2920
3307
3863
4723
5538
6243
6758
7385
7962
8153
8100
7760
7059
5893
4524
3038
1090
-906
-2775
-4765
-6766
-8561
-9772
-10666
-11290
-11449
-11270
-10663
-9815
-8565
-7105
-5708
-4177
-2722
-1378
-226
708
1606
2316
2766
2913
2977
3155
3144
3153
3228
3232
3185
3139
3295
3306
3179
3129
2992
2617
1970
1387
764
-113
-967
-1781
-2594
-3377
-3969
-4225
-4371
-4254
-3830
-3121
-2167
-1125
189
1596
2904
4097
5130
6018
6568
6851
6916
6612
5996
5126
4172
3105
1837
665
-435
-1528
-2545
-3347
-3923
-4449
-4782
-4947
-5078
-5135
-5077
-4822
-4486
-4183
-3776
-3352
-2921
-2460
-1943
-1378
-985
-517
-119
246
564
814
1189
1444
1639
1808
2027
2284
2478
2800
3212
3631
4444
5303
6064
6618
7161
7882
8145
8202
7928
7364
6358
4963
3563
1732
-275
-2122
-3993
-5961
-7835
-9230
-10180
-10949
-11233
-11235
-10805
-10023
-9005
-7597
-6241
-4709
-3221
-1820
-549
406
1297
2053
2632
2908
2941
3088
3123
3053
3132
3150
3178
3139
3282
3361
3209
3184
3100
2832
2257
1613
990
140
-750
-1603
-2532
-3288
-3954
-4319
-4593
-4622
-4221
-3609
-2708
-1760
-476
942
2416
3800
5017
6033
6837
7340
7519
7390
6861
6124
5108
3973
2543
1180
-105
-1375
-2539
-3591
-4340
-4961
-5342
-5553
-5617
-5595
-5439
-5140
-4808
-4458
-3993
-3462
-2996
-2520
-2046
-1525
-1039
-577
-121
235
597
896
1234
1567
1751
2008
2196
2432
2610
2834
3236
3629
4380
5240
5975
6529
7046
7707
8045
8079
7940
7402
6448
5159
3760
2099
104
-1699
-3553
-5537
-7430
-8943
-9916
-10738
-11122
-11120
-10808
-10124
-9196
-7877
-6487
-5062
-3560
-2178
-892
115
995
1875
2495
2846
2942
3071
3165
3082
3166
3222
3206
3154
3201
3284
3132
3052
3040
2796
2284
1636
1032
274
-614
-1402
-2311
-3079
-3732
-4175
-4414
-4455
-4033
-3453
-2628
-1687
-556
785
2114
3407
4533
5464
6212
6665
6853
6771
6391
5811
4952
3979
2791
1607
547
-575
-1637
-2627
-3407
-4077
-4578
-4876
-5118
-5247
-5249
-5140
-4966
-4727
-4334
-3859
-3447
-3027
-2558
-2038
-1513
-982
-455
-18
381
735
1056
1393
1658
1889
2125
2323
2471
2666
2998
3364
3815
4595
5415
6044
6532
7125
7715
7927
7926
7681
7021
5909
4612
3200
1417
-495
-2262
-4101
-6054
-7805
-9087
-10008
-10683
-10925
-10843
-10435
-9690
-8579
-7193
-5805
-4354
-2925
-1613
-468
451
1287
2024
2526
2752
2825
2945
2959
2932
3041
3084
3047
3029
3147
3196
3082
3062
2986
2644
2078
1473
821
-35
-890
-1683
-2582
-3372
-3943
-4283
-4474
-4445
-4041
-3430
-2563
-1471
-183
1245
2608
3946
5141
6100
6830
7248
7400
7167
6578
5754
4726
3568
2243
931
-304
-1549
-2648
-3552
-4263
-4805
-5151
-5276
-5375
-5369
-5192
-4931
-4603
-4288
-3862
-3424
-3024
-2565
-2089
-1557
-1124
-678
-223
173
546
890
1235
1578
1848
2062
2303
2461
2705
2935
3316
3603
4096
4913
5576
6167
6600
7227
7577
7639
7534
7136
6351
5181
3925
2387
508
-1355
-3012
-4868
-6700
-8264
-9332
-10139
-10648
-10642
-10423
-9844
-9048
-7856
-6533
-5233
-3815
-2445
-1171
-162
688
1489
2175
2593
2779
2872
2967
2907
2917
3044
3029
2996
3026
3180
3092
2939
2906
2763
2345
1727
1148
433
-417
-1207
-1974
-2848
-3568
-3993
-4192
-4341
-4213
-3686
-2942
-1997
-926
435
1838
3158
4364
5422
6299
6899
7265
7315
6939
6245
5412
4435
3248
1889
673
-523
-1753
-2843
-3709
-4348
-4888
-5141
-5268
-5383
-5364
-5154
-4815
-4545
-4238
-3802
-3345
-2958
-2540
-2067
-1562
-1103
-635
-168
183
565
924
1342
1628
1823
2028
2205
2371
2451
2665
2883
3097
3322
3881
4618
5220
5728
6249
6806
7013
7138
7097
6721
5854
4790
3618
2025
220
-1493
-3095
-4926
-6652
-8028
-9036
-9854
-10241
-10162
-9861
-9290
-8429
-7203
-5973
-4680
-3331
-1997
-844
31
812
1504
2062
2364
2546
2649
2638
2560
2621
2729
2726
2746
2879
2984
2875
2825
2823
2655
2227
1718
1147
372
-440
-1201
-1973
-2787
-3397
-3777
-4009
-4109
-3874
-3338
-2613
-1723
-650
649
1931
3198
4322
5331
6105
6626
6926
6875
6492
5793
4967
3914
2666
1379
205
-929
-2041
-2987
-3737
-4309
-4720
-4896
-4997
-5021
-4940
-4694
-4428
-4168
-3806
-3390
-2956
-2643
-2262
-1839
-1390
-929
-536
-128
202
569
964
1295
1581
1784
1999
2242
2336
2496
2668
2907
3159
3419
4095
4741
5352
5839
6340
6847
6971
7084
6937
6416
5496
4370
3128
1500
-273
-1882
-3552
-5318
-6981
-8279
-9205
-9972
-10210
-10149
-9817
-9216
-8311
-7045
-5812
-4461
-3123
-1857
-742
133
951
1661
2182
2481
2617
2706
2708
2665
2776
2858
2864
2863
2970
3070
2962
2923
2865
2628
2158
1606
986
180
-621
-1372
-2159
-2954
-3510
-3830
-3985
-3971
-3639
-3058
-2298
-1337
-227
1023
2273
3526
4620
5526
6193
6652
6864
6743
6292
5578
4724
3642
2434
1172
-9
-1187
-2283
-3192
-3971
-4561
-4956
-5083
-5172
-5174
-5015
-4716
-4419
-4145
-3756
-3333
-2917
-2555
-2127
-1701
-1280
-834
-385
24
341
728
1109
1468
1701
1901
2103
2250
2398
2437
2582
2721
2910
3142
3576
4253
4810
5368
5868
6399
6668
6803
6817
6474
5713
4678
3539
2029
352
-1307
-2872
-4638
-6328
-7704
-8768
-9541
-9984
-9948
-9743
-9238
-8437
-7311
-6078
-4816
-3469
-2193
-1044
-142
651
1354
1931
2260
2439
2552
2570
2516
2554
2714
2727
2731
2817
2968
2944
2876
2904
2760
2407
1885
1342
628
-145
-900
-1617
-2422
-3144
-3675
-3940
-3905
-3743
-3223
-2605
-1645
-661
546
1894
3148
4361
5246
6073
6453
6681
6643
6357
5700
4757
3701
2467
1253
27
-1022
-2129
-3036
-3867
-4448
-4841
-5036
-5007
-4981
-4793
-4646
-4325
-4033
-3629
-3211
-2815
-2426
-2116
-1718
-1363
-886
-494
-96
262
597
944
1238
1595
1841
2057
2175
2311
2379
2429
2556
2718
2931
3149
3736
4328
4876
5326
5887
6413
6597
6706
6519
6068
5160
4124
2885
1298
-412
-2070
-3678
-5426
-6981
-8214
-9088
-9730
-9970
-9880
-9473
-8786
-7852
-6647
-5401
-4075
-2812
-1553
-487
345
1058
1686
2180
2381
2485
2558
2587
2562
2627
2724
2724
2761
2887
2978
2913
2879
2835
2621
2208
1692
1114
364
-372
-1150
-1911
-2702
-3276
-3592
-3832
-3797
-3593
-2959
-2242
-1300
-203
999
2323
3423
4527
5337
6010
6396
6571
6440
5900
5189
4319
3344
2116
899
-282
-1369
-2446
-3326
-4017
-4566
-4873
-5001
-4983
-5001
-4828
-4534
-4187
-3889
-3539
-3121
-2721
-2344
-1976
-1559
-1189
-773
-392
-4
320
651
1022
1345
1625
1820
2011
2201
2325
2419
2562
2707
2903
3083
3582
4219
4781
5309
5751
6311
6547
6718
6719
6378
5688
4648
3535
2050
393
-1222
-2807
-4494
-6190
-7605
-8662
-9456
-9869
-9885
-9658
-9141
-8384
-7259
-6051
-4766
-3429
-2165
-989
-98
693
1365
1931
2312
2488
2587
2575
2535
2576
2674
2717
2720
2797
2908
2890
2853
2839
2699
2390
1909
1364
640
-107
-811
-1567
-2325
-3046
-3507
-3853
-3939
-3799
-3396
-2772
-1956
-915
154
1413
2650
3922
4915
5717
6287
6597
6709
6414
5924
5072
4131
2961
1724
484
-728
-1779
-2766
-3574
-4328
-4797
-5033
-5062
-5053
-4934
-4701
-4427
-4079
-3716
-3258
-2878
-2441
-2053
-1684
-1339
-956
-493
-105
263
568
891
1167
1461
1724
1960
2087
2207
2315
2390
2510
2607
2871
3123
3646
4225
4748
5223
5668
6236
6477
6609
6482
6089
5308
4250
3069
1543
-76
-1705
-3294
-5020
-6618
-7888
-8825
-9491
-9818
-9779
-9503
-8877
-8004
-6855
-5663
-4381
-3104
-1904
-774
110
900
1537
2083
2366
2487
2587
2614
2617
2652
2749
2747
2722
2802
2902
2879
2841
2818
2667
2312
1817
1259
564
-185
-922
-1698
-2437
-3121
-3549
-3786
-3839
-3611
-3190
-2448
-1649
-638
518
1752
3026
4080
5077
5747
6254
6521
6524
6226
5538
4725
3696
2546
1297
104
-1020
-2099
-3069
-3865
-4476
-4862
-5016
-5060
-4996
-4890
-4578
-4228
-3847
-3467
-3067
-2610
-2251
-1871
-1559
-1154
-739
-327
32
318
631
911
1259
1512
1745
1911
2055
2182
2258
2355
2446
2575
2732
2928
3363
3990
4570
5074
5499
6001
6277
6415
6396
6036
5346
4294
3183
1739
99
-1505
-3084
-4689
-6346
-7671
-8681
-9399
-9736
-9732
-9444
-8923
-8101
-6984
-5761
-4488
-3214
-1991
-848
46
802
1442
1991
2358
2503
2613
2599
2561
2580
2688
2765
2745
2838
2953
2970
2929
2896
2782
2462
2000
1460
756
-5
-745
-1461
-2184
-2900
-3389
-3731
-3797
-3657
-3246
-2605
-1826
-834
230
1457
2619
3734
4687
5425
5909
6125
6170
5898
5357
4567
3652
2569
1427
317
-728
-1729
-2639
-3346
-3949
-4366
-4633
-4670
-4653
-4580
-4407
-4175
-3867
-3580
-3183
-2806
-2421
-2081
-1730
-1347
-974
-546
-155
245
536
831
1116
1407
1665
1845
2003
2042
2110
2167
2261
2350
2430
2617
2908
3458
4060
4611
5093
5588
6075
6322
6415
6264
5807
4993
3953
2704
1163
-462
-2032
-3602
-5268
-6785
-8003
-8885
-9463
-9683
-9584
-9240
-8583
-7679
-6535
-5306
-4020
-2757
-1580
-521
293
1003
1626
2138
2410
2517
2601
2598
2587
2634
2736
2765
2797
2935
3040
3039
3013
2997
2821
2445
1935
1331
601
-156
-898
-1696
-2485
-3160
-3562
-3829
-3876
-3679
-3193
-2471
-1660
-634
472
1789
3005
4126
5045
5695
6170
6329
6332
5859
5169
4275
3252
2061
753
-382
-1498
-2468
-3384
-4060
-4592
-4891
-4945
-4867
-4729
-4559
-4199
-3835
-3453
-3143
-2728
-2323
-1942
-1598
-1288
-901
-583
-164
141
443
667
925
1277
1515
1777
1908
2087
2185
2246
2328
2390
2529
2640
2813
3179
3749
4338
4837
5270
5750
6011
6166
6168
5872
5230
4239
3235
1852
301
-1262
-2787
-4325
-5958
-7239
-8320
-9088
-9480
-9539
-9322
-8935
-8199
-7193
-6049
-4792
-3536
-2319
-1168
-207
607
1264
1856
2289
2483
2636
2648
2628
2646
2735
2828
2778
2868
2961
2975
2957
2930
2868
2547
2159
1655
1016
277
-430
-1131
-1921
-2663
-3236
-3508
-3718
-3660
-3415
-2866
-2152
-1337
-171
1002
2276
3320
4328
5181
5701
6128
6228
6100
5519
4736
3867
2740
1551
377
-687
-1745
-2780
-3549
-4119
-4547
-4733
-4779
-4666
-4580
-4368
-3983
-3647
-3238
-2880
-2439
-2071
-1806
-1450
-1142
-770
-454
-137
208
428
713
1008
1308
1555
1696
1910
1988
2051
2115
2207
2364
2402
2581
2786
3269
3863
4418
4938
5324
5789
6005
6169
6078
5695
4996
4000
2895
1408
-113
-1652
-3147
-4732
-6278
-7531
-8566
-9222
-9527
-9501
-9294
-8788
-7973
-6917
-5754
-4490
-3197
-1995
-848
54
852
1491
2077
2484
2641
2763
2723
2726
2736
2820
2859
2818
2925
2987
2985
2940
2914
2815
2499
2082
1552
870
184
-516
-1234
-2018
-2721
-3227
-3631
-3797
-3734
-3393
-2849
-2125
-1207
-161
1053
2284
3426
4406
5202
5796
6128
6203
5972
5429
4672
3722
2605
1374
198
-881
-1932
-2873
-3660
-4241
-4639
-4819
-4821
-4759
-4587
-4311
-3968
-3624
-3261
-2835
-2393
-1993
-1638
-1332
-1000
-641
-292
43
298
590
862
1156
1437
1653
1857
1987
2102
2190
2256
2336
2414
2517
2692
2915
3406
3952
4479
4910
5292
5725
5882
6000
5841
5398
4633
3587
2463
995
-482
-1993
-3521
-5070
-6568
-7755
-8705
-9284
-9503
-9472
-9200
-8642
-7795
-6701
-5498
-4190
-2912
-1722
-591
302
1104
1761
2308
2666
2803
2894
2822
2807
2856
2888
2864
2800
2875
2886
2838
2815
2766
2606
2275
1869
1334
652
-16
-685
-1412
-2165
-2823
-3271
-3617
-3728
-3602
-3214
-2602
-1887
-964
47
1261
2430
3519
4464
5166
5753
6034
6152
5858
5320
4594
3642
2586
1364
262
-855
-1884
-2800
-3595
-4180
-4588
-4738
-4766
-4704
-4510
-4206
-3863
-3502
-3127
-2715
-2324
-1946
-1585
-1322
-1034
-707
-321
23
254
550
814
1126
1365
1552
1766
1855
1975
1976
2050
2070
2099
2227
2315
2462
2678
3271
3854
4325
4675
5119
5499
5626
5716
5493
5008
4098
3160
1997
507
-949
-2421
-3790
-5368
-6731
-7826
-8651
-9065
-9232
-9066
-8744
-8090
-7146
-6012
-4775
-3543
-2331
-1155
-123
663
1347
1919
2402
2613
2735
2777
2670
2677
2722
2827
2749
2733
2862
2869
2860
2809
2784
2561
2191
1786
1194
506
-176
-813
-1523
-2291
-2911
-3324
-3590
-3636
-3490
-3083
-2492
-1751
-820
216
1456
2608
3700
4596
5266
5765
5991
6074
5699
5079
4224
3211
2070
797
-304
-1427
-2415
-3317
-4023
-4537
-4856
-4856
-4774
-4602
-4386
-4023
-3637
-3245
-2830
-2404
-2001
-1653
-1314
-1066
-741
-421
-25
268
504
776
997
1329
1540
1796
1930
2023
2084
2086
2183
2239
2339
2375
2487
2650
3055
3578
4106
4490
4812
5235
5409
5554
5382
5069
4381
3413
2408
984
-391
-1907
-3293
-4758
-6270
-7391
-8373
-8893
-9157
-9120
-8824
-8359
-7508
-6486
-5321
-4066
-2851
-1643
-557
316
1095
1718
2309
2672
2795
2890
2780
2763
2750
2796
2817
2692
2796
2795
2782
2730
2668
2613
2277
1908
1399
756
103
-557
-1192
-1895
-2603
-3069
-3412
-3555
-3475
-3219
-2632
-2024
-1156
-168
888
2030
2973
3959
4670
5204
5571
5642
5543
5052
4419
3641
2647
1627
535
-468
-1453
-2413
-3129
-3762
-4191
-4444
-4566
-4506
-4448
-4185
-3861
-3551
-3159
-2801
-2349
-1970
-1621
-1229
-953
-572
-246
94
390
591
920
1145
1435
1613
1796
1934
1961
2029
2030
2087
2046
2069
2067
2150
2354
2807
3389
3832
4230
4559
5004
5227
5369
5268
4850
4163
3196
2206
878
-473
-1881
-3272
-4695
-6139
-7239
-8132
-8615
-8863
-8840
-8560
-8065
-7216
-6205
-5019
-3831
-2665
-1532
-521
353
1084
1741
2273
2622
2770
2832
2782
2764
2804
2836
2820
2722
2774
2787
2794
2802
2766
2646
2289
1892
1359
720
72
-579
-1242
-1993
-2677
-3168
-3491
-3598
-3508
-3223
-2752
-2149
-1325
-326
820
1973
3031
3969
4743
5323
5722
5897
5773
5344
4606
3735
2641
1506
374
-744
-1762
-2794
-3552
-4189
-4566
-4697
-4722
-4562
-4424
-4106
-3765
-3400
-2940
-2527
-2071
-1723
-1391
-1089
-802
-435
-104
191
404
634
875
1148
1403
1646
1836
1939
2030
2058
2151
2187
2221
2246
2268
2389
2642
3136
3625
4017
4331
4695
4970
5104
5094
4862
4359
3517
2595
1426
132
-1210
-2549
-3853
-5292
-6498
-7507
-8178
-8526
-8658
-8477
-8132
-7475
-6602
-5574
-4403
-3255
-2102
-1028
-108
692
1368
1995
2462
2688
2811
2794
2763
2757
2782
2826
2736
2717
2726
2698
2681
2595
2515
2250
1875
1458
871
270
-377
-985
-1605
-2293
-2823
-3226
-3421
-3403
-3229
-2808
-2262
-1523
-542
485
1587
2568
3519
4397
4978
5448
5588
5585
5261
4628
3916
2898
1905
801
-229
-1232
-2281
-3059
-3740
-4182
-4494
-4637
-4579
-4481
-4244
-3925
-3590
-3203
-2802
-2355
-1958
-1661
-1296
-971
-591
-230
83
393
632
911
1168
1387
1611
1776
1939
2049
2063
2127
2121
2218
2272
2337
2488
2721
3248
3696
4157
4467
4801
5116
5244
5278
4942
4432
3605
2682
1553
198
-1149
-2556
-3867
-5287
-6529
-7554
-8274
-8614
-8743
-8599
-8278
-7604
-6690
-5617
-4458
-3304
-2140
-1042
-31
772
1468
2049
2520
2776
2856
2844
2749
2739
2719
2717
2632
2581
2617
2582
2577
2502
2419
2197
1844
1427
843
226
-430
-1052
-1684
-2336
-2888
-3294
-3493
-3490
-3289
-2897
-2312
-1576
-571
522
1622
2654
3584
4520
5151
5645
5838
5796
5517
4873
4164
3127
2078
963
-141
-1176
-2291
-3093
-3782
-4217
-4486
-4642
-4578
-4493
-4231
-3926
-3588
-3210
-2848
-2419
-2023
-1677
-1310
-959
-606
-234
42
335
555
815
1118
1301
1578
1674
1859
1993
1991
2108
2002
2092
2018
2039
2195
2257
2774
3149
3673
4012
4302
4799
4952
5202
5044
4705
4097
3164
2294
1035
-238
-1584
-2968
-4336
-5760
-6866
-7729
-8295
-8490
-8527
-8331
-7863
-7158
-6112
-5048
-3854
-2701
-1663
-559
240
1051
1671
2181
2594
2657
2781
2691
2670
2717
2700
2731
2568
2577
2603
2563
2582
2489
2363
2054
1650
1222
605
5
-606
-1224
-1842
-2511
-2948
-3247
-3347
-3256
-3032
-2543
-1959
-1086
-47
1028
2093
3030
4010
4771
5344
5663
5720
5552
5010
4333
3423
2397
1315
225
-785
-1860
-2764
-3487
-4000
-4344
-4571
-4594
-4516
-4322
-4028
-3682
-3298
-2910
-2492
-2068
-1722
-1401
-1067
-721
-353
-82
200
455
702
970
1161
1400
1551
1728
1872
1924
2003
1988
2078
2109
2130
2203
2301
2721
3168
3660
4033
4351
4779
5015
5237
5166
4849
4284
3437
2547
1309
-2
-1348
-2708
-4073
-5519
-6696
-7634
-8256
-8534
-8613
-8451
-8059
-7361
-6378
-5315
-4154
-2999
-1893
-792
82
864
1501
2049
2488
2658
2805
2764
2726
2763
2781
2811
2690
2688
2699
2645
2626
2524
2386
2108
1745
1330
734
139
-454
-1080
-1654
-2283
-2763
-3123
-3291
-3205
-3045
-2571
-2020
-1254
-303
667
1757
2655
3643
4435
5001
5388
5432
5382
4939
4367
3598
2614
1623
529
-435
-1470
-2387
-3112
-3723
-4110
-4407
-4509
-4480
-4337
-4083
-3799
-3454
-3073
-2666
-2240
-1841
-1494
-1126
-802
-441
-110
140
440
639
927
1111
1302
1521
1614
1852
1883
1951
1945
1920
1958
1837
1945
1993
2165
2557
3027
3592
3940
4415
4886
5161
5318
5212
4903
4256
3385
2449
1195
-171
-1562
-2989
-4358
-5760
-6857
-7736
-8349
-8555
-8650
-8390
-7919
-7150
-6136
-5118
-3903
-2826
-1731
-660
206
1007
1601
2168
2519
2649
2772
2728
2693
2695
2713
2699
2553
2563
2616
2595
2603
2543
2446
2162
1813
1430
826
221
-420
-1022
-1679
-2381
-2870
-3230
-3327
-3297
-3101
-2678
-2112
-1265
-303
786
1816
2782
3763
4573
5163
5438
5560
5423
4965
4293
3429
2448
1357
304
-750
-1821
-2763
-3477
-3980
-4349
-4547
-4557
-4425
-4200
-3868
-3514
-3135
-2733
-2321
-1901
-1590
-1275
-980
-656
-306
-48
246
481
756
1013
1211
1449
1570
1742
1844
1891
1901
1854
1881
1869
1871
1911
2007
2309
2806
3317
3770
4104
4519
4901
5125
5252
5029
4605
3873
3002
1971
639
-639
-2031
-3382
-4790
-6116
-7137
-7970
-8362
-8568
-8566
-8308
-7770
-6873
-5865
-4724
-3567
-2446
-1322
-317
530
1231
1817
2312
2585
2685
2684
2580
2579
2600
2603
2537
2459
2535
2552
2595
2617
2549
2411
2113
1775
1286
690
111
-553
-1204
-1899
-2535
-2975
-3276
-3322
-3268
-2995
-2461
-1803
-911
73
1158
2189
3110
4025
4730
5230
5517
5535
5325
4764
4039
3162
2121
1102
-9
-1023
-2004
-2860
-3469
-3989
-4239
-4427
-4445
-4314
-4141
-3801
-3516
-3134
-2749
-2368
-1932
-1586
-1205
-864
-530
-179
89
376
624
847
1097
1265
1443
1540
1612
1723
1703
1730
1703
1720
1749
1709
1813
1879
2165
2640
3115
3567
3850
4303
4677
4914
5081
4929
4572
3858
3068
2119
848
-410
-1758
-3076
-4467
-5787
-6792
-7614
-8052
-8265
-8286
-8038
-7584
-6783
-5813
-4727
-3595
-2576
-1497
-521
280
994
1589
2139
2405
2523
2614
2548
2561
2573
2610
2549
2421
2482
2480
2492
2514
2475
2360
2066
1768
1347
782
233
-388
-1041
-1709
-2340
-2794
-3138
-3235
-3155
-2961
-2507
-1921
-1077
-67
1008
2095
3023
3966
4725
5238
5550
5573
5364
4802
4044
3149
2056
985
-73
-1102
-2085
-2980
-3596
-4082
-4383
-4484
-4498
-4339
-4121
-3781
-3408
-3061
-2614
-2217
-1807
-1429
-1123
-793
-512
-162
141
364
627
819
1049
1247
1419
1583
1623
1739
1762
1770
1801
1789
1818
1744
1803
1899
2114
2567
3030
3485
3783
4185
4559
4800
4946
4845
4493
3806
3015
2056
876
-389
-1692
-2981
-4353
-5604
-6652
-7447
-7938
-8180
-8204
-8045
-7604
-6890
-5960
-4906
-3809
-2757
-1717
-720
128
885
1540
2113
2433
2602
2710
2688
2699
2713
2769
2695
2590
2618
2617
2635
2614
2586
2437
2158
1849
1404
862
276
-309
-957
-1597
-2187
-2639
-2954
-3083
-3007
-2852
-2402
-1818
-1047
-195
686
1682
2528
3453
4141
4606
4878
4908
4837
4365
3798
3042
2140
1213
211
-699
-1658
-2431
-3018
-3517
-3893
-4128
-4170
-4100
-3924
-3653
-3330
-3014
-2624
-2262
-1880
-1514
-1187
-831
-602
-292
-60
207
509
719
1012
1158
1395
1523
1601
1727
1714
1769
1695
1694
1657
1617
1695
1769
1983
2323
2780
3206
3565
3934
4333
4597
4781
4772
4476
3963
3183
2359
1238
42
-1175
-2500
-3747
-5088
-6128
-7006
-7610
-7892
-8075
-7921
-7630
-7013
-6166
-5197
-4082
-3067
-2000
-990
-97
705
1372
1936
2291
2465
2601
2627
2617
2645
2653
2672
2588
2599
2650
2647
2690
2610
2498
2248
1917
1544
988
437
-180
-824
-1441
-2082
-2597
-3026
-3238
-3208
-3092
-2721
-2211
-1505
-662
268
1393
2403
3386
4179
4787
5239
5393
5416
5058
4466
3625
2606
1559
391
-663
-1709
-2616
-3391
-4024
-4394
-4594
-4543
-4386
-4127
-3797
-3442
-3020
-2581
-2123
-1720
-1349
-1006
-709
-458
-188
111
352
588
772
956
1103
1234
1422
1493
1618
1665
1684
1739
1704
1773
1703
1734
1812
1858
2198
2552
3031
3342
3642
4103
4313
4561
4597
4446
4039
3306
2611
1563
393
-795
-2090
-3331
-4675
-5778
-6690
-7427
-7749
-7947
-7890
-7603
-7097
-6262
-5386
-4316
-3247
-2280
-1208
-338
486
1155
1701
2196
2368
2572
2634
2598
2655
2653
2703
2587
2546
2615
2539
2540
2508
2426
2217
1883
1576
1082
505
-38
-657
-1279
-1901
-2394
-2700
-2932
-2960
-2879
-2621
-2099
-1484
-634
276
1205
2104
2886
3718
4289
4681
4897
4843
4565
3979
3364
2596
1691
790
-163
-1095
-2025
-2756
-3294
-3725
-3978
-4082
-4073
-3968
-3749
-3423
-3061
-2701
-2303
-1934
-1591
-1248
-939
-603
-328
-57
171
344
545
709
938
1129
1285
1391
1489
1651
1716
1761
1744
1747
1684
1606
1647
1701
1900
2230
2704
3105
3389
3786
4178
4497
4637
4603
4336
3758
3056
2205
1155
-13
-1235
-2477
-3783
-5042
-6085
-6920
-7467
-7774
-7900
-7784
-7451
-6809
-5983
-5022
-3969
-2986
-1958
-988
-103
669
1319
1914
2274
2487
2626
2658
2671
2690
2751
2724
2604
2590
2602
2596
2580
2515
2387
2083
1767
1386
865
315
-293
-878
-1543
-2141
-2612
-2940
-3065
-3068
-2886
-2558
-2006
-1273
-345
642
1576
2448
3269
4041
4558
4914
5030
4921
4525
3912
3197
2284
1370
413
-506
-1481
-2374
-3021
-3519
-3802
-4003
-4028
-3984
-3824
-3514
-3184
-2808
-2484
-2106
-1775
-1479
-1179
-869
-537
-271
-18
169
362
544
763
985
1151
1286
1334
1447
1528
1579
1605
1618
1615
1490
1430
1465
1553
1730
2101
2564
2935
3226
3639
4084
4370
4577
4582
4356
3799
3111
2371
1340
222
-1026
-2271
-3573
-4878
-5907
-6793
-7362
-7725
-7895
-7788
-7489
-6848
-6008
-5009
-3937
-2958
-1923
-930
-55
716
1360
1929
2267
2447
2615
2638
2654
2681
2721
2687
2530
2539
2543
2511
2501
2437
2334
2020
1719
1395
904
414
-165
-732
-1389
-2008
-2381
-2713
-2851
-2913
-2812
-2479
-2054
-1303
-480
469
1393
2191
3104
3789
4394
4730
4858
4811
4320
3794
3039
2208
1304
310
-526
-1516
-2307
-2914
-3381
-3634
-3860
-3851
-3815
-3698
-3387
-3097
-2740
-2426
-2102
-1748
-1498
-1166
-857
-578
-289
-85
175
368
550
763
958
1166
1256
1317
1404
1469
1488
1498
1538
1543
1457
1413
1502
1598
1774
2090
2531
2906
3177
3573
3985
4311
4503
4536
4352
3840
3171
2415
1465
353
-868
-2120
-3403
-4676
-5741
-6587
-7199
-7571
-7760
-7686
-7399
-6842
-6027
-5084
-4066
-3102
-2121
-1130
-248
562
1249
1823
2204
2405
2581
2648
2663
2680
2700
2658
2507
2447
2471
2461
2435
2397
2264
2003
1674
1388
963
448
-85
-680
-1268
-1885
-2235
-2547
-2711
-2753
-2677
-2350
-1986
-1243
-523
382
1228
1979
2822
3409
4098
4406
4657
4618
4246
3838
3150
2532
1635
786
-98
-1058
-1858
-2576
-3039
-3463
-3710
-3836
-3886
-3847
-3637
-3304
-2982
-2635
-2332
-1963
-1702
-1340
-974
-665
-337
-150
154
336
557
789
969
1218
1268
1358
1392
1431
1489
1460
1503
1447
1338
1248
1214
1298
1437
1686
2101
2501
2886
3281
3705
4178
4445
4617
4543
4181
3651
2879
2086
1037
-123
-1326
-2643
-3841
-5016
-5929
-6673
-7242
-7508
-7644
-7479
-7073
-6410
-5531
-4621
-3617
-2644
-1695
-745
85
845
1449
1883
2207
2381
2538
2598
2604
2666
2646
2598
2501
2460
2485
2428
2416
2314
2106
1832
1493
1180
713
197
-331
-896
-1373
-1891
-2281
-2552
-2665
-2605
-2524
-2205
-1789
-1182
-396
428
1297
2012
2817
3539
4069
4433
4529
4511
4188
3719
3088
2260
1437
547
-292
-1193
-2036
-2674
-3191
-3510
-3744
-3864
-3843
-3716
-3429
-3122
-2797
-2441
-2114
-1745
-1419
-1117
-809
-524
-182
63
281
486
682
880
1026
1183
1252
1290
1305
1362
1362
1334
1322
1268
1218
1079
1095
1146
1301
1577
1917
2392
2738
3177
3615
4024
4346
4443
4429
4111
3613
2964
2160
1206
83
-1092
-2326
-3588
-4768
-5755
-6558
-7124
-7499
-7622
-7498
-7159
-6495
-5685
-4726
-3756
-2790
-1756
-849
29
771
1422
1941
2233
2479
2596
2649
2652
2654
2659
2560
2474
2454
2450
2409
2347
2240
2052
1760
1470
1126
688
219
-297
-789
-1307
-1715
-2061
-2326
-2463
-2493
-2341
-2115
-1666
-1106
-367
434
1185
1978
2661
3386
3893
4277
4451
4333
4103
3608
3073
2280
1434
597
-329
-1175
-2037
-2650
-3171
-3540
-3730
-3854
-3825
-3726
-3435
-3098
-2756
-2414
-2067
-1709
-1382
-1044
-745
-435
-208
20
221
382
574
698
919
1045
1146
1223
1257
1372
1360
1398
1372
1324
1287
1222
1323
1382
1515
1726
2075
2494
2827
3225
3613
3961
4168
4286
4234
3917
3415
2776
2005
973
-131
-1289
-2467
-3639
-4761
-5674
-6479
-7002
-7307
-7400
-7258
-6934
-6302
-5534
-4619
-3677
-2734
-1736
-807
58
784
1421
1912
2250
2501
2647
2678
2643
2662
2629
2534
2421
2385
2344
2247
2205
2086
1889
1618
1375
1058
609
152
-317
-792
-1272
-1631
-1966
-2209
-2342
-2310
-2135
-1906
-1445
-951
-271
439
1125
1870
2486
3167
3612
3954
4140
4022
3842
3419
2924
2208
1384
637
-243
-1037
-1793
-2422
-2916
-3337
-3523
-3661
-3691
-3547
-3316
-2988
-2687
-2351
-1976
-1647
-1271
-944
-644
-349
-129
121
307
466
635
751
918
994
1051
1113
1122
1202
1210
1232
1215
1143
1156
1134
1208
1289
1425
1659
1944
2344
2712
3063
3409
3733
3961
4041
3953
3690
3230
2607
1881
929
-106
-1223
-2330
-3433
-4528
-5418
-6204
-6708
-7007
-7118
-6994
-6699
-6097
-5366
-4485
-3526
-2601
-1645
-734
130
845
1437
1937
2270
2470
2594
2634
2599
2562
2521
2452
2320
2248
2198
2117
2053
1933
1767
1523
1287
997
607
187
-255
-728
-1174
-1543
-1895
-2162
-2315
-2257
-2139
-1869
-1413
-899
-229
452
1259
1954
2628
3268
3706
4025
4071
4029
3727
3293
2720
1974
1186
318
-455
-1275
-1954
-2554
-3013
-3316
-3529
-3553
-3558
-3360
-3113
-2801
-2461
-2145
-1781
-1498
-1153
-851
-591
-354
-138
74
234
392
554
686
798
940
1027
1114
1138
1192
1238
1214
1227
1161
1150
1113
1129
1225
1320
1526
1798
2192
2579
2930
3291
3638
3910
4050
4023
3786
3354
2746
2049
1143
100
-1004
-2146
-3227
-4316
-5246
-6035
-6624
-6940
-7104
-7014
-6746
-6241
-5507
-4674
-3722
-2795
-1843
-884
-39
721
1330
1846
2230
2457
2614
2629
2575
2524
2465
2388
2246
2154
2119
2047
1993
1910
1783
1610
1386
1163
818
394
-28
-503
-948
-1399
-1747
-1966
-2161
-2158
-2082
-1806
-1360
-819
-95
542
1259
1916
2535
3129
3462
3742
3770
3661
3372
2879
2379
1698
1013
280
-466
-1166
-1836
-2299
-2669
-2965
-3143
-3214
-3179
-3080
-2906
-2634
-2360
-2081
-1776
-1517
-1237
-987
-696
-408
-222
-26
103
281
428
536
669
746
849
889
938
986
1016
1049
1052
1046
990
999
1042
1182
1320
1505
1815
2170
2632
3001
3393
3735
3979
4169
4130
3956
3525
2950
2262
1371
362
-770
-1905
-3027
-4110
-5080
-5903
-6542
-6918
-7068
-7006
-6725
-6256
-5532
-4703
-3781
-2843
-1949
-1010
-188
573
1187
1661
2064
2303
2506
2591
2575
2557
2496
2452
2350
2259
2227
2150
2096
2010
1868
1670
1415
1174
833
393
-73
-567
-1054
-1471
-1817
-2090
-2298
-2374
-2244
-2038
-1631
-1104
-480
244
914
1659
2305
2931
3460
3767
3964
3899
3701
3341
2839
2258
1508
742
-48
-843
-1547
-2149
-2612
-2988
-3274
-3392
-3439
-3370
-3159
-2891
-2581
-2323
-2022
-1711
-1427
-1085
-791
-515
-318
-146
59
224
417
571
712
826
907
987
1036
1084
1112
1139
1100
1092
1055
1051
1121
1194
1419
1571
1922
2330
2715
3163
3439
3889
4106
4271
4327
4035
3696
2986
2321
1411
298
-754
-2021
-3115
-4270
-5247
-6020
-6713
-7016
-7194
-7123
-6819
-6347
-5605
-4774
-3838
-2852
-1962
-1003
-129
590
1259
1720
2135
2348
2468
2593
2479
2466
2404
2343
2275
2125
2168
2074
2017
1973
1815
1683
1412
1186
826
353
-63
-546
-979
-1429
-1830
-2134
-2346
-2373
-2279
-2055
-1641
-1081
-435
299
1023
1787
2497
3140
3666
3905
4055
3991
3775
3378
2805
2187
1381
632
-133
-893
-1584
-2188
-2600
-2985
-3213
-3322
-3309
-3206
-3014
-2734
-2481
-2182
-1878
-1557
-1302
-1043
-783
-575
-357
-195
-15
121
297
467
570
683
773
876
948
998
1024
1003
999
992
936
915
912
983
1074
1211
1458
1730
2175
2617
3043
3418
3734
4076
4202
4240
4034
3605
3015
2237
1388
300
-806
-1941
-3087
-4148
-5146
-5932
-6558
-6895
-6994
-6936
-6647
-6147
-5440
-4605
-3672
-2726
-1823
-947
-99
609
1184
1677
2037
2293
2417
2491
2468
2410
2420
2356
2281
2162
2110
2075
1999
1965
1818
1630
1387
1101
765
332
-101
-549
-1030
-1470
-1867
-2143
-2222
-2254
-2114
-1932
-1544
-981
-406
384
993
1709
2344
2901
3455
3634
3882
3816
3658
3337
2736
2228
1455
796
43
-743
-1400
-2091
-2502
-2896
-3177
-3316
-3388
-3268
-3121
-2888
-2584
-2286
-1939
-1617
-1329
-1037
-806
-534
-301
-146
19
139
330
476
574
715
791
899
949
969
1018
971
990
954
911
892
837
941
1028
1193
1409
1703
2186
2596
3041
3426
3808
4132
4261
4310
4071
3655
3060
2329
1451
356
-734
-1893
-3025
-4108
-5089
-5889
-6519
-6835
-6948
-6872
-6585
-6081
-5372
-4542
-3621
-2699
-1825
-970
-171
513
1099
1575
1921
2150
2287
2354
2294
2245
2245
2195
2111
2014
1997
1961
1925
1925
1814
1654
1439
1209
890
456
52
-389
-826
-1266
-1674
-1997
-2199
-2220
-2126
-1928
-1615
-1125
-522
184
895
1575
2257
2831
3343
3623
3780
3795
3593
3300
2767
2180
1460
737
85
-668
-1318
-1933
-2369
-2709
-2968
-3035
-3072
-2988
-2829
-2595
-2339
-2093
-1774
-1462
-1208
-1007
-812
-625
-435
-272
-140
-38
48
199
325
450
546
639
772
850
921
918
926
950
921
911
860
849
882
994
1211
1395
1682
2088
2539
2949
3274
3657
3915
4044
4068
3873
3486
2856
2171
1337
302
-760
-1892
-2965
-4014
-4948
-5699
-6325
-6639
-6760
-6690
-6402
-5958
-5280
-4502
-3604
-2689
-1862
-986
-192
513
1108
1575
1955
2142
2293
2382
2320
2262
2223
2205
2111
1999
1991
1930
1884
1869
1787
1642
1399
1188
915
528
171
-251
-645
-1041
-1428
-1695
-1906
-1925
-1865
-1717
-1400
-1031
-502
114
792
1458
2008
2574
3018
3304
3490
3502
3393
3062
2609
2078
1392
730
52
-607
-1260
-1885
-2336
-2730
-2963
-3058
-3085
-3002
-2883
-2655
-2407
-2149
-1841
-1578
-1306
-1075
-874
-665
-487
-287
-133
13
190
300
411
518
653
775
836
927
962
978
1001
1021
1050
1031
1063
1127
1213
1359
1541
1819
2186
2594
2960
3240
3508
3753
3887
3888
3690
3300
2736
2032
1230
271
-742
-1773
-2818
-3810
-4744
-5499
-6090
-6435
-6529
-6498
-6278
-5878
-5249
-4487
-3657
-2750
-1892
-1057
-278
420
1017
1485
1879
2129
2253
2297
2255
2199
2171
2155
2069
1941
1876
1855
1818
1788
1729
1600
1402
1157
884
500
123
-267
-697
-1126
-1582
-1850
-2021
-1959
-1800
-1627
-1262
-865
-191
475
1216
1908
2388
2918
3177
3440
3476
3394
3213
2707
2204
1468
820
183
-430
-951
-1611
-2087
-2511
-2734
-2824
-2843
-2745
-2687
-2531
-2352
-2106
-1830
-1517
-1225
-1011
-846
-734
-558
-398
-186
-75
-22
65
118
259
341
498
629
719
838
855
911
940
1018
1054
1011
984
943
974
1056
1230
1405
1651
2004
2395
2785
3091
3471
3733
3890
3906
3681
3325
2725
2096
1274
272
-745
-1869
-2888
-3905
-4778
-5506
-6123
-6419
-6566
-6512
-6254
-5799
-5127
-4381
-3516
-2642
-1835
-990
-180
503
1054
1470
1810
2000
2115
2217
2160
2106
2068
2032
1980
1875
1900
1875
1849
1866
1775
1662
1456
1276
1022
642
308
-119
-522
-913
-1243
-1512
-1753
-1779
-1746
-1604
-1342
-957
-462
59
714
1312
1871
2385
2831
3168
3297
3356
3207
2912
2505
1986
1395
702
73
-563
-1186
-1723
-2179
-2524
-2775
-2890
-2914
-2898
-2787
-2593
-2384
-2139
-1886
-1640
-1410
-1205
-963
-783
-600
-412
-261
-103
23
198
326
439
587
713
860
954
1066
1139
1178
1250
1263
1270
1230
1234
1274
1285
1379
1478
1682
1996
2353
2711
2945
3235
3493
3618
3635
3441
3109
2553
1863
1094
118
-869
-1885
-2881
-3820
-4734
-5431
-6002
-6309
-6360
-6314
-6051
-5633
-4987
-4234
-3449
-2541
-1724
-937
-190
455
1017
1415
1778
2030
2133
2204
2161
2108
2083
2039
1978
1834
1786
1792
1746
1745
1679
1580
1404
1183
950
580
205
-175
-585
-1002
-1409
-1710
-1806
-1729
-1542
-1348
-1089
-577
3
702
1349
1895
2419
2732
3088
3200
3179
3070
2737
2411
1775
1151
504
-117
-562
-1146
-1634
-2155
-2491
-2614
-2733
-2706
-2699
-2594
-2444
-2265
-2016
-1778
-1508
-1222
-991
-827
-673
-536
-307
-119
14
94
124
297
380
501
622
699
833
830
923
924
910
993
953
977
885
890
975
1044
1290
1446
1720
2074
2454
2871
3115
3449
3679
3782
3786
3521
3137
2531
1861
1083
76
-946
-2024
-3046
-3980
-4838
-5524
-6101
-6411
-6460
-6402
-6120
-5660
-5016
-4251
-3448
-2548
-1754
-965
-160
511
1088
1484
1829
2059
2172
2302
2282
2249
2225
2183
2144
2042
2043
2025
1966
1942
1809
1634
1388
1154
874
465
76
-373
-824
-1255
-1566
-1774
-1864
-1784
-1677
-1448
-1142
-570
43
685
1373
1860
2385
2684
3023
3190
3146
3100
2697
2320
1707
1125
593
-54
-501
-1143
-1641
-2093
-2420
-2527
-2686
-2652
-2658
-2603
-2473
-2298
-2028
-1787
-1522
-1296
-1114
-968
-759
-576
-373
-205
-113
16
73
263
390
536
727
793
930
930
1040
1106
1132
1211
1121
1111
1034
1091
1191
1279
1481
1627
1953
2278
2654
2970
3241
3559
3675
3717
3524
3220
2749
2116
1424
471
-516
-1582
-2581
-3530
-4447
-5181
-5842
-6248
-6443
-6448
-6260
-5902
-5312
-4623
-3847
-3012
-2167
-1346
-532
206
814
1286
1651
1961
2131
2258
2284
2228
2200
2142
2110
2018
1962
1957
1891
1863
1767
1638
1475
1267
1072
738
383
25
-360
-684
-1041
-1298
-1515
-1621
-1568
-1493
-1265
-962
-526
-20
491
1062
1545
2032
2453
2776
2973
3000
2940
2715
2388
1964
1447
874
261
-330
-917
-1458
-1906
-2265
-2544
-2731
-2828
-2838
-2763
-2607
-2391
-2180
-1940
-1702
-1464
-1216
-988
-754
-568
-387
-229
-101
56
199
340
459
575
699
791
901
984
1050
1111
1166
1194
1174
1171
1193
1260
1346
1478
1622
1824
2146
2471
2813
3052
3306
3496
3541
3538
3284
2924
2364
1685
913
-94
-1034
-2055
-3014
-3912
-4779
-5439
-6026
-6272
-6326
-6247
-5951
-5536
-4894
-4179
-3349
-2467
-1670
-851
-91
567
1101
1532
1898
2136
2266
2345
2296
2212
2176
2121
2056
1926
1871
1801
1683
1648
1538
1420
1223
1008
754
365
70
-270
-617
-945
-1245
-1442
-1615
-1611
-1505
-1332
-994
-551
-59
433
962
1528
2038
2498
2859
3002
3029
2950
2763
2439
1968
1479
867
251
-344
-949
-1448
-1898
-2185
-2444
-2655
-2723
-2743
-2620
-2470
-2263
-2057
-1880
-1630
-1424
-1206
-1003
-809
-616
-491
-342
-221
-78
100
253
392
481
612
745
861
981
1038
1097
1110
1145
1135
1105
1155
1201
1304
1373
1519
1716
2001
2410
2736
3037
3242
3474
3613
3615
3524
3169
2691
2021
1261
342
-681
-1633
-2649
-3595
-4520
-5304
-5927
-6333
-6421
-6398
-6191
-5841
-5289
-4593
-3793
-2871
-2018
-1178
-391
326
912
1394
1836
2125
2316
2395
2388
2290
2215
2203
2128
2034
1916
1829
1714
1638
1593
1448
1285
1078
843
523
179
-119
-459
-766
-1060
-1332
-1536
-1603
-1505
-1354
-1125
-791
-363
135
698
1262
1762
2220
2622
2920
3037
3048
2961
2720
2367
1878
1315
683
73
-476
-1069
-1611
-2074
-2418
-2664
-2839
-2879
-2878
-2788
-2615
-2418
-2198
-1974
-1697
-1428
-1189
-951
-756
-574
-383
-196
-16
134
279
414
523
674
807
909
990
1038
1107
1116
1144
1162
1176
1247
1311
1430
1527
1699
1957
2291
2657
2938
3195
3400
3595
3678
3643
3437
3018
2475
1778
998
39
-951
-1938
-2950
-3881
-4782
-5492
-6063
-6380
-6447
-6408
-6147
-5750
-5122
-4371
-3544
-2644
-1825
-974
-191
492
1067
1531
1928
2175
2330
2392
2342
2268
2240
2197
2090
1964
1881
1823
1743
1704
1615
1461
1285
1059
766
400
47
-301
-694
-1092
-1452
-1761
-1830
-1750
-1600
-1392
-1115
-570
-24
673
1347
1875
2435
2778
3173
3289
3287
3262
2932
2616
1992
1391
768
94
-388
-1042
-1584
-2115
-2526
-2717
-2907
-2921
-2918
-2845
-2667
-2490
-2244
-1958
-1667
-1341
-1100
-887
-695
-576
-326
-142
5
85
117
260
309
455
591
692
807
847
936
955
998
1053
1087
1113
1092
1117
1211
1383
1544
1795
2147
2510
2843
3094
3406
3592
3706
3760
3584
3228
2628
2013
1282
345
-594
-1624
-2609
-3596
-4505
-5211
-5842
-6200
-6362
-6355
-6145
-5814
-5235
-4512
-3697
-2834
-2041
-1217
-435
225
834
1322
1696
1928
2070
2225
2214
2185
2204
2176
2126
1993
1963
1906
1803
1777
1676
1530
1293
1072
858
533
207
-132
-477
-803
-1133
-1419
-1616
-1725
-1657
-1511
-1264
-916
-552
30
640
1278
1856
2331
2826
3074
3275
3336
3210
2975
2543
2091
1443
754
142
-488
-1062
-1652
-2129
-2515
-2807
-2927
-2970
-2952
-2867
-2713
-2489
-2235
-1972
-1668
-1402
-1116
-872
-685
-457
-282
-81
45
172
310
358
478
551
652
706
760
870
874
935
948
982
998
1004
1098
1124
1217
1313
1460
1706
2025
2420
2715
2978
3251
3505
3677
3719
3578
3240
2729
2081
1321
382
-575
-1597
-2625
-3586
-4514
-5249
-5869
-6170
-6273
-6302
-6083
-5735
-5126
-4437
-3636
-2747
-1986
-1148
-397
295
890
1368
1800
2027
2198
2275
2227
2168
2140
2106
1983
1843
1782
1735
1669
1673
1616
1524
1373
1174
925
577
279
-101
-504
-903
-1296
-1659
-1830
-1762
-1657
-1508
-1249
-707
-188
441
1126
1744
2385
2787
3229
3358
3407
3408
3135
2864
2243
1641
912
211
-315
-1020
-1576
-2167
-2572
-2856
-3096
-3116
-3131
-3003
-2833
-2636
-2403
-2124
-1762
-1418
-1116
-852
-626
-481
-260
-40
104
196
252
395
429
484
585
670
811
847
932
961
976
1044
1038
1124
1110
1091
1131
1206
1389
1450
1656
1995
2315
2618
2792
3080
3267
3355
3433
3249
2933
2391
1810
1155
249
-613
-1591
-2550
-3445
-4312
-4976
-5613
-5944
-6053
-6093
-5890
-5582
-5007
-4304
-3527
-2664
-1918
-1115
-349
305
914
1374
1725
1933
2069
2206
2157
2077
2078
2041
1978
1838
1801
1759
1658
1659
1570
1442
1255
1082
913
621
340
27
-296
-575
-859
-1142
-1360
-1468
-1445
-1372
-1207
-913
-572
-53
514
1066
1581
2051
2531
2813
2995
3061
2929
2672
2296
1859
1262
615
46
-524
-1115
-1647
-2071
-2415
-2666
-2792
-2812
-2827
-2757
-2576
-2354
-2082
-1843
-1568
-1304
-1045
-785
-613
-403
-235
-92
23
117
239
306
430
556
667
749
843
974
1043
1110
1131
1174
1151
1123
1138
1125
1200
1255
1413
1532
1720
2082
2393
2721
2894
3122
3274
3280
3268
2988
2624
2033
1379
648
-280
-1149
-2122
-2977
-3809
-4603
-5237
-5753
-5928
-5992
-5906
-5644
-5238
-4649
-3973
-3152
-2332
-1564
-795
-56
568
1077
1519
1860
2085
2189
2241
2178
2084
2057
1984
1892
1762
1711
1679
1592
1585
1511
1401
1236
1048
845
514
215
-157
-524
-894
-1168
-1309
-1439
-1405
-1397
-1169
-833
-350
222
662
1270
1670
2137
2502
2746
2943
2789
2740
2370
1939
1464
887
437
-251
-742
-1299
-1796
-2089
-2368
-2459
-2635
-2630
-2557
-2481
-2292
-2100
-1850
-1649
-1416
-1198
-1004
-819
-590
-377
-219
-52
23
161
277
429
533
551
670
672
734
781
837
891
851
953
944
934
973
1050
1202
1252
1421
1548
1719
2043
2387
2747
2929
3161
3338
3401
3414
3208
2889
2342
1714
953
-3
-932
-1906
-2808
-3693
-4515
-5199
-5771
-6025
-6079
-6004
-5781
-5404
-4838
-4180
-3412
-2586
-1821
-1065
-311
336
860
1285
1681
1971
2121
2230
2201
2124
2088
2059
2027
1906
1851
1787
1687
1670
1601
1505
1333
1162
943
598
291
-50
-410
-760
-995
-1218
-1416
-1483
-1422
-1205
-952
-492
-92
351
913
1400
1934
2227
2596
2781
2772
2781
2465
2202
1742
1307
826
132
-352
-956
-1405
-1806
-2177
-2382
-2632
-2646
-2646
-2616
-2480
-2317
-2074
-1848
-1607
-1351
-1128
-895
-625
-462
-306
-171
-59
103
162
325
398
460
609
652
808
845
933
1014
966
1062
1019
1033
1032
1018
1154
1168
1327
1482
1677
2054
2367
2726
2918
3095
3314
3336
3343
3133
2771
2270
1603
938
55
-849
-1722
-2633
-3466
-4298
-4969
-5503
-5840
-5888
-5854
-5682
-5333
-4827
-4159
-3448
-2656
-1872
-1156
-417
191
693
1117
1466
1768
1912
2019
2044
1987
2010
2039
2036
1961
1898
1890
1804
1753
1712
1563
1375
1134
884
524
175
-111
-456
-776
-1125
-1434
-1694
-1586
-1269
-1010
-759
-490
76
655
1411
2044
2411
2811
2962
3141
3006
2834
2604
2061
1617
870
173
-521
-1074
-1392
-1917
-2282
-2654
-2843
-2831
-2783
-2596
-2504
-2329
-2124
-1931
-1698
-1442
-1159
-911
-702
-545
-412
-314
-72
163
298
387
381
496
551
685
835
844
942
925
969
960
947
1054
1013
1066
1031
1018
1086
1174
1432
1592
1886
2208
2513
2798
3007
3304
3406
3452
3307
2973
2487
1815
1180
299
-597
-1549
-2539
-3433
-4314
-4931
-5507
-5885
-6025
-6080
-5911
-5620
-5076
-4449
-3759
-2945
-2189
-1440
-707
7
632
1149
1577
1859
2007
2131
2219
2198
2188
2155
2111
2026
1955
1968
1898
1906
1888
1778
1613
1357
1163
863
571
254
-180
-563
-922
-1165
-1376
-1501
-1486
-1436
-1268
-999
-634
-202
307
844
1318
1730
2098
2414
2607
2723
2693
2494
2192
1795
1350
815
280
-241
-798
-1308
-1752
-2090
-2335
-2481
-2530
-2554
-2528
-2418
-2256
-2054
-1829
-1604
-1401
-1221
-1014
-810
-624
-423
-235
-69
71
224
371
486
607
734
837
884
931
961
982
1012
1031
1054
1009
1018
1063
1115
1231
1322
1483
1625
1846
2143
2365
2611
2772
2936
3010
2977
2883
2576
2180
1644
999
240
-629
-1478
-2368
-3216
-3995
-4680
-5233
-5597
-5735
-5731
-5578
-5254
-4742
-4132
-3425
-2658
-1917
-1176
-472
200
733
1173
1570
1829
2009
2097
2131
2099
2038
2025
1953
1861
1788
1725
1667
1590
1525
1419
1258
1107
909
659
384
76
-214
-531
-796
-1021
-1228
-1293
-1293
-1182
-1006
-730
-313
112
625
1099
1530
1921
2233
2504
2585
2567
2429
2150
1795
1337
868
343
-165
-628
-1120
-1552
-1899
-2137
-2289
-2390
-2410
-2405
-2344
-2182
-2009
-1815
-1611
-1389
-1167
-988
-778
-588
-421
-237
-95
20
109
226
368
465
571
663
741
832
917
993
1018
1010
1017
979
927
903
908
973
1028
1133
1279
1444
1764
2100
2450
2713
2907
3116
3172
3208
3079
2779
2351
1731
1076
209
-694
-1581
-2509
-3347
-4195
-4897
-5493
-5886
-5970
-5942
-5737
-5397
-4887
-4226
-3492
-2651
-1858
-1110
-362
302
839
1270
1637
1928
2091
2187
2211
2129
2102
2091
2060
1980
1883
1860
1784
1755
1710
1570
1409
1195
963
636
278
-21
-372
-731
-1051
-1370
-1486
-1448
-1245
-1010
-835
-413
4
606
1193
1648
2120
2314
2629
2660
2582
2487
2150
1902
1313
781
176
-438
-792
-1279
-1618
-2051
-2336
-2446
-2545
-2440
-2395
-2275
-2129
-1967
-1768
-1611
-1383
-1131
-914
-744
-592
-485
-313
-117
77
226
268
380
418
507
608
663
767
759
828
824
821
885
901
983
934
936
940
984
1125
1223
1416
1558
1851
2179
2487
2792
2977
3230
3307
3332
3176
2803
2365
1713
1056
157
-788
-1718
-2682
-3478
-4303
-4949
-5515
-5872
-5938
-5919
-5675
-5341
-4813
-4170
-3465
-2674
-1946
-1197
-458
220
755
1183
1535
1808
2006
2134
2195
2130
2110
2099
2066
2030
1968
1966
1882
1834
1777
1616
1457
1250
1041
731
380
59
-320
-641
-880
-1107
-1298
-1412
-1392
-1268
-1096
-752
-398
-18
450
872
1321
1661
2019
2299
2389
2472
2355
2185
1920
1578
1219
695
225
-288
-787
-1198
-1596
-1888
-2168
-2344
-2421
-2464
-2408
-2301
-2146
-1961
-1758
-1523
-1305
-1093
-852
-663
-499
-331
-187
-39
60
181
272
338
474
557
640
707
777
857
865
919
919
875
874
839
813
753
771
862
899
1023
1179
1374
1665
1996
2363
2589
2784
3013
3098
3129
3005
2733
2286
1675
1065
245
-625
-1475
-2358
-3187
-4014
-4657
-5204
-5589
-5676
-5667
-5507
-5207
-4718
-4093
-3431
-2639
-1884
-1192
-484
159
696
1117
1499
1818
1969
2085
2145
2106
2092
2097
2100
2016
1935
1917
1830
1777
1726
1605
1424
1223
1021
727
416
136
-185
-537
-817
-1084
-1299
-1391
-1373
-1268
-1180
-906
-566
-190
317
767
1245
1586
1941
2247
2345
2452
2366
2207
1902
1499
1101
550
97
-370
-844
-1287
-1708
-1979
-2216
-2324
-2351
-2371
-2334
-2232
-2055
-1875
-1659
-1424
-1200
-1016
-809
-616
-465
-257
-77
96
174
268
397
469
628
691
767
788
823
926
896
966
934
941
929
853
862
768
861
916
983
1098
1175
1436
1674
2051
2335
2498
2708
2813
2911
2820
2645
2328
1810
1264
567
-223
-1073
-1880
-2642
-3434
-4154
-4764
-5232
-5477
-5512
-5437
-5237
-4890
-4371
-3742
-3042
-2261
-1569
-870
-182
397
893
1275
1657
1900
2031
2152
2139
2121
2099
2117
2099
1982
1944
1875
1806
1750
1660
1540
1322
1127
892
582
284
-13
-303
-606
-874
-1115
-1297
-1343
-1247
-1091
-888
-591
-263
141
585
1045
1444
1744
2030
2157
2182
2120
1983
1786
1449
1087
616
121
-307
-700
-1040
-1407
-1695
-1935
-2116
-2188
-2207
-2158
-2089
-1958
-1821
-1682
-1491
-1267
-1018
-809
-611
-477
-351
-183
-19
138
211
296
344
387
486
542
637
671
737
781
753
798
788
836
839
817
815
733
784
852
956
1079
1180
1379
1566
1841
2133
2347
2526
2646
2724
2690
2543
2305
1932
1436
864
164
-616
-1386
-2134
-2828
-3535
-4144
-4659
-5054
-5210
-5241
-5119
-4896
-4521
-3998
-3439
-2758
-2069
-1388
-712
-89
485
924
1317
1659
1893
2070
2174
2215
2195
2165
2150
2085
2006
1937
1833
1712
1584
1462
1288
1090
898
665
416
152
-90
-366
-584
-726
-859
-931
-996
-919
-821
-629
-337
-101
226
504
851
1138
1346
1599
1675
1753
1705
1581
1408
1119
894
546
178
-189
-573
-889
-1201
-1431
-1650
-1840
-1939
-1985
-1998
-1941
-1838
-1706
-1548
-1384
-1171
-1010
-799
-576
-418
-237
-125
29
121
203
323
350
436
478
536
580
579
661
667
720
757
759
773
745
798
804
837
895
937
1015
1082
1233
1371
1562
1793
1991
2158
2253
2371
2393
2361
2251
1980
1596
1076
540
-108
-809
-1491
-2222
-2911
-3564
-4091
-4520
-4826
-4922
-4925
-4796
-4541
-4141
-3632
-3053
-2376
-1712
-1076
-447
155
682
1138
1545
1850
2049
2173
2255
2251
2221
2194
2116
2003
1866
1760
1630
1511
1425
1281
1102
899
702
467
220
10
-228
-480
-718
-900
-1047
-1099
-1030
-921
-780
-595
-314
-3
357
755
1071
1343
1541
1703
1767
1742
1700
1530
1293
980
617
239
-147
-443
-766
-1093
-1377
-1626
-1794
-1888
-1902
-1895
-1874
-1787
-1661
-1520
-1326
-1106
-886
-678
-492
-311
-195
-55
94
185
262
276
320
332
370
452
451
490
497
544
576
570
629
588
606
604
602
622
605
710
765
876
1004
1135
1342
1533
1816
2025
2200
2357
2446
2517
2464
2361
2102
1729
1274
709
77
-645
-1346
-2076
-2790
-3447
-4035
-4494
-4827
-4948
-4960
-4844
-4586
-4201
-3685
-3108
-2421
-1758
-1116
-487
84
606
1031
1432
1724
1902
2026
2073
2090
2066
2064
2023
1930
1850
1769
1691
1602
1530
1427
1270
1096
893
661
426
205
-38
-319
-578
-774
-912
-984
-992
-962
-872
-692
-433
-158
131
451
757
1028
1248
1408
1494
1525
1514
1409
1204
958
689
404
95
-221
-542
-860
-1111
-1311
-1495
-1642
-1725
-1744
-1736
-1675
-1577
-1465
-1310
-1119
-933
-776
-617
-445
-293
-155
-37
50
108
171
232
264
305
365
429
466
494
526
549
609
675
720
711
685
687
680
705
737
769
806
849
941
1036
1180
1393
1605
1813
1960
2076
2163
2214
2244
2132
1883
1525
1062
554
-46
-679
-1360
-2064
-2705
-3331
-3873
-4300
-4584
-4688
-4695
-4568
-4333
-3982
-3471
-2887
-2247
-1623
-1022
-416
135
651
1089
1434
1713
1893
2024
2082
2095
2101
2068
2022
1945
1850
1760
1668
1597
1508
1375
1207
1000
790
589
383
158
-110
-377
-601
-762
-863
-929
-957
-930
-838
-673
-468
-236
32
311
583
813
990
1141
1240
1309
1302
1198
1037
831
625
389
119
-159
-455
-710
-941
-1150
-1316
-1456
-1521
-1557
-1564
-1528
-1466
-1335
-1180
-1013
-859
-726
-565
-410
-261
-138
-50
32
94
153
198
230
288
348
403
442
458
500
557
631
694
707
716
710
720
745
760
802
834
890
954
1029
1161
1324
1534
1730
1886
2002
2083
2149
2161
2094
1902
1592
1174
674
117
-505
-1140
-1809
-2461
-3084
-3642
-4070
-4391
-4537
-4580
-4514
-4328
-4041
-3598
-3084
-2489
-1881
-1294
-692
-132
416
897
1317
1667
1908
2079
2161
2195
2195
2177
2123
2014
1874
1731
1615
1505
1418
1289
1135
939
725
496
235
5
-259
-500
-778
-1024
-1218
-1312
-1219
-1074
-795
-541
-180
228
655
1177
1523
1898
2047
2124
2091
1855
1691
1282
957
486
-38
-460
-981
-1220
-1532
-1708
-1840
-2007
-1956
-1984
-1829
-1705
-1578
-1372
-1264
-1063
-923
-742
-530
-361
-176
-53
52
171
283
396
478
494
518
504
520
554
542
562
518
509
488
459
462
428
430
406
379
357
357
413
511
625
746
900
1094
1383
1683
1985
2232
2414
2591
2664
2689
2556
2299
1937
1428
869
169
-553
-1295
-2040
-2725
-3430
-4012
-4508
-4825
-4969
-5012
-4895
-4698
-4324
-3833
-3249
-2595
-1952
-1276
-641
-25
519
986
1399
1722
1984
2141
2231
2264
2270
2267
2231
2179
2096
2019
1932
1838
1727
1584
1419
1203
961
682
392
103
-204
-503
-795
-1018
-1173
-1255
-1280
-1269
-1182
-1020
-770
-460
-132
211
532
841
1128
1370
1582
1709
1755
1701
1542
1344
1085
815
502
146
-220
-611
-937
-1225
-1448
-1620
-1769
-1853
-1915
-1902
-1832
-1712
-1533
-1350
-1143
-950
-749
-529
-317
-103
65
194
291
366
435
483
514
530
541
543
538
520
502
509
518
542
521
491
474
459
501
500
524
536
561
659
725
873
996
1181
1411
1591
1816
1926
2072
2165
2175
2143
1907
1648
1254
810
314
-325
-932
-1624
-2242
-2822
-3382
-3797
-4167
-4350
-4434
-4407
-4232
-3975
-3555
-3070
-2528
-1958
-1404
-821
-256
276
752
1139
1455
1707
1880
2015
2081
2112
2111
2057
2004
1900
1814
1728
1626
1538
1385
1233
1049
853
667
445
231
-9
-249
-463
-664
-805
-892
-940
-925
-887
-776
-603
-396
-118
131
401
641
843
1051
1167
1280
1301
1254
1165
970
791
545
307
62
-232
-484
-767
-981
-1157
-1306
-1391
-1488
-1520
-1530
-1498
-1403
-1299
-1144
-994
-840
-674
-520
-342
-178
-32
89
162
229
276
320
361
372
386
385
388
399
410
449
476
511
531
535
557
575
626
665
705
747
786
866
964
1102
1255
1412
1570
1701
1815
1905
1965
1972
1907
1724
1450
1085
660
198
-339
-899
-1520
-2129
-2696
-3221
-3620
-3952
-4140
-4232
-4230
-4085
-3854
-3457
-2984
-2439
-1860
-1313
-738
-197
333
807
1198
1516
1736
1893
2000
2047
2055
2026
1967
1896
1798
1704
1598
1492
1403
1273
1111
919
710
508
278
35
-214
-482
-632
-756
-842
-880
-901
-743
-604
-343
-109
69
368
560
851
966
1063
1156
1087
1131
966
838
645
434
327
34
-141
-404
-607
-736
-926
-1020
-1218
-1302
-1346
-1392
-1369
-1375
-1299
-1204
-1074
-924
-796
-652
-464
-288
-128
-5
66
175
229
308
344
325
369
344
378
360
328
369
348
421
420
400
432
404
501
529
573
659
670
825
903
1041
1217
1339
1608
1734
1909
2020
2055
2187
2124
2094
1869
1541
1212
710
284
-319
-917
-1513
-2166
-2675
-3242
-3650
-3979
-4205
-4259
-4295
-4163
-3950
-3601
-3124
-2634
-2091
-1561
-1014
-442
84
568
985
1319
1629
1844
1998
2100
2124
2172
2135
2079
1981
1830
1746
1603
1495
1332
1119
948
716
552
337
114
-81
-320
-485
-681
-819
-886
-920
-862
-817
-724
-567
-360
-64
211
468
701
889
1095
1235
1324
1355
1291
1205
1023
806
560
284
46
-242
-525
-814
-1073
-1236
-1376
-1456
-1535
-1582
-1563
-1515
-1397
-1268
-1119
-949
-797
-626
-473
-309
-133
15
155
241
308
373
421
488
515
533
530
503
503
483
499
511
508
515
484
495
511
548
615
650
715
760
828
943
1056
1229
1373
1512
1640
1709
1814
1852
1857
1787
1576
1325
937
527
63
-481
-1002
-1622
-2183
-2736
-3229
-3570
-3876
-4007
-4088
-4064
-3894
-3662
-3244
-2796
-2276
-1733
-1232
-682
-194
302
754
1114
1435
1634
1789
1896
1948
2005
1995
1960
1890
1768
1682
1567
1476
1380
1232
1091
878
682
478
274
104
-110
-299
-513
-677
-782
-827
-784
-733
-621
-514
-338
-124
112
397
607
839
969
1078
1155
1162
1200
1103
1000
801
556
360
101
-75
-317
-546
-755
-991
-1119
-1255
-1317
-1351
-1394
-1382
-1381
-1318
-1208
-1080
-909
-769
-631
-481
-348
-174
-28
95
195
220
266
273
297
331
312
327
282
275
284
288
357
361
404
412
413
472
489
580
630
689
779
826
972
1101
1278
1471
1594
1756
1830
1919
1985
1953
1916
1705
1452
1109
670
262
-274
-772
-1333
-1921
-2422
-2951
-3306
-3614
-3819
-3891
-3951
-3820
-3641
-3322
-2891
-2460
-1920
-1443
-927
-412
49
543
922
1269
1530
1692
1845
1912
1978
2001
1953
1899
1771
1661
1557
1431
1338
1171
1002
802
575
400
192
33
-146
-348
-509
-681
-742
-761
-718
-635
-571
-448
-317
-125
100
313
523
670
795
884
951
1004
1017
987
900
752
574
392
209
43
-159
-371
-594
-804
-952
-1088
-1169
-1248
-1300
-1313
-1310
-1242
-1162
-1035
-890
-751
-597
-463
-303
-147
7
136
216
269
302
339
369
397
391
379
351
325
329
326
363
376
392
400
381
410
418
471
509
534
578
597
677
762
893
1044
1182
1333
1444
1565
1667
1744
1780
1732
1604
1385
1099
746
351
-111
-615
-1154
-1709
-2222
-2705
-3084
-3402
-3622
-3747
-3806
-3722
-3563
-3260
-2882
-2456
-1971
-1514
-1003
-513
-26
446
827
1177
1426
1628
1783
1873
1948
1953
1927
1862
1754
1654
1538
1430
1317
1177
1022
850
676
524
370
221
62
-114
-258
-390
-466
-510
-541
-534
-525
-468
-379
-265
-115
25
172
302
407
518
612
700
758
759
728
657
577
499
381
250
66
-132
-323
-519
-671
-832
-968
-1085
-1198
-1247
-1275
-1233
-1148
-1049
-916
-803
-653
-490
-317
-136
-8
104
178
232
286
305
318
311
285
269
227
206
198
203
249
265
297
317
345
423
468
550
583
622
691
737
843
901
1000
1105
1202
1336
1397
1486
1534
1575
1597
1514
1400
1180
941
656
304
-90
-569
-1041
-1527
-1985
-2413
-2812
-3138
-3396
-3551
-3629
-3603
-3476
-3244
-2919
-2542
-2112
-1664
-1167
-655
-151
314
709
1062
1355
1598
1774
1883
1943
1941
1905
1819
1710
1600
1490
1385
1247
1101
932
773
624
458
297
105
-51
-228
-391
-507
-588
-521
-455
-330
-221
-88
176
393
696
867
1007
1124
1101
1133
985
882
712
473
297
-45
-252
-498
-649
-720
-890
-950
-1104
-1131
-1117
-1126
-1066
-1094
-1041
-1023
-982
-893
-816
-682
-565
-447
-338
-232
-111
38
160
267
322
338
383
383
420
402
375
349
260
229
162
154
150
122
137
91
107
127
181
272
341
443
513
613
737
880
1056
1224
1387
1515
1623
1711
1795
1853
1857
1784
1616
1392
1097
771
406
-21
-494
-1022
-1546
-2058
-2532
-2922
-3261
-3511
-3685
-3780
-3757
-3625
-3353
-2990
-2581
-2121
-1659
-1164
-652
-148
331
733
1083
1368
1581
1762
1894
1989
2036
2021
1974
1864
1761
1656
1531
1396
1208
1023
810
636
493
343
216
58
-63
-207
-305
-378
-455
-485
-561
-585
-635
-628
-564
-506
-367
-278
-125
13
174
383
526
710
799
877
908
884
872
765
662
481
277
70
-163
-345
-551
-720
-886
-1026
-1131
-1197
-1198
-1172
-1098
-1024
-915
-806
-667
-506
-359
-193
-84
33
101
162
225
249
297
286
288
257
240
250
252
285
285
307
308
337
375
415
462
482
522
519
556
580
620
674
695
767
789
878
955
1024
1118
1135
1205
1188
1172
1114
963
817
552
297
-42
-425
-796
-1236
-1617
-2024
-2363
-2652
-2896
-3018
-3111
-3096
-3006
-2819
-2549
-2241
-1863
-1481
-1076
-654
-223
186
544
866
1131
1349
1518
1663
1739
1751
1730
1660
1575
1449
1352
1244
1125
1042
908
802
680
643
653
596
571
423
316
216
129
87
-118
-233
-418
-567
-648
-763
-734
-789
-701
-612
-572
-399
-262
4
181
345
495
514
627
667
688
633
501
392
188
29
-134
-315
-457
-603
-716
-838
-918
-911
-882
-824
-745
-689
-606
-507
-373
-241
-162
-59
0
39
86
103
148
154
182
197
158
172
180
232
292
326
382
384
440
512
562
639
660
706
721
732
770
750
773
785
798
818
799
820
810
807
829
794
748
646
524
379
167
-35
-298
-603
-906
-1247
-1553
-1876
-2141
-2343
-2551
-2659
-2729
-2714
-2608
-2440
-2162
-1902
-1576
-1214
-852
-441
-57
328
643
907
1158
1324
1472
1574
1620
1616
1552
1485
1379
1269
1183
1074
973
869
779
707
637
622
583
534
478
396
322
212
130
7
-140
-269
-422
-529
-644
-690
-712
-723
-658
-597
-464
-316
-128
77
234
414
531
641
717
744
742
646
539
379
201
21
-173
-346
-534
-688
-814
-912
-954
-953
-918
-866
-788
-691
-585
-470
-342
-238
-153
-78
-30
10
38
71
87
90
111
116
134
166
208
257
296
353
398
442
497
548
597
637
675
697
703
708
715
716
730
750
760
776
777
799
803
814
837
806
771
669
545
386
174
-18
-298
-582
-908
-1255
-1563
-1887
-2111
-2336
-2504
-2600
-2667
-2614
-2516
-2309
-2052
-1775
-1424
-1091
-711
-329
46
414
701
970
1175
1321
1450
1517
1549
1531
1467
1405
1301
1207
1128
1019
943
847
776
710
628
594
510
444
370
275
199
80
-6
-127
-256
-350
-460
-525
-585
-612
-609
-598
-525
-442
-327
-185
-46
107
234
353
455
513
555
547
500
419
295
170
17
-135
-275
-423
-539
-648
-724
-769
-792
-767
-735
-677
-607
-534
-440
-354
-250
-157
-81
-2
54
107
149
184
218
229
242
240
232
232
236
254
273
300
327
349
382
423
473
527
575
608
629
645
665
694
731
767
791
807
819
829
849
858
845
791
691
558
383
184
-49
-325
-629
-966
-1301
-1625
-1916
-2152
-2354
-2490
-2576
-2595
-2533
-2401
-2187
-1928
-1628
-1297
-960
-599
-244
108
433
711
954
1136
1277
1382
1444
1473
1455
1410
1335
1238
1150
1054
963
869
768
676
574
496
426
361
312
244
184
110
38
-13
-87
-129
-191
-249
-293
-349
-355
-374
-352
-315
-281
-195
-127
-13
94
197
314
381
455
479
479
455
378
297
159
13
-144
-311
-451
-592
-700
-787
-854
-874
-876
-841
-778
-702
-602
-506
-399
-283
-177
-59
37
117
185
223
267
290
312
331
320
321
301
293
297
296
320
318
323
326
324
352
362
389
399
394
410
422
475
537
607
686
741
811
876
950
1018
1041
1022
935
799
624
409
164
-133
-472
-838
-1215
-1567
-1877
-2139
-2347
-2511
-2615
-2644
-2593
-2443
-2226
-1951
-1641
-1311
-948
-577
-192
175
503
790
1010
1188
1314
1401
1453
1454
1423
1352
1265
1175
1088
1019
940
866
785
700
629
548
476
389
291
186
61
-47
-158
-253
-335
-417
-473
-524
-540
-523
-489
-417
-345
-247
-142
-27
108
224
351
450
532
602
632
653
630
583
504
389
264
108
-48
-213
-381
-531
-673
-785
-869
-926
-947
-948
-912
-852
-771
-664
-552
-433
-315
-203
-98
-3
89
170
240
292
330
357
374
389
406
419
432
439
441
437
428
413
392
359
312
248
169
87
9
-45
-74
-67
-24
54
173
332
532
756
982
1189
1347
1454
1495
1469
1367
1179
909
559
149
-299
-757
-1203
-1626
-2010
-2343
-2607
-2787
-2865
-2842
-2727
-2529
-2271
-1954
-1594
-1202
-792
-392
-10
327
614
849
1031
1165
1251
1295
1295
1261
1210
1152
1102
1060
1026
996
969
945
924
900
866
810
727
615
475
316
143
-37
-224
-406
-577
-725
-836
-902
-922
-897
-828
-721
-575
-396
-190
26
239
436
606
743
849
916
939
914
843
730
584
419
243
60
-126
-306
-476
-622
-741
-826
-884
-915
-924
-909
-870
-805
-724
-633
-539
-442
-346
-250
-154
-61
23
97
165
224
280
338
393
441
487
528
568
600
620
620
589
536
455
361
252
124
-6
-143
-253
-331
-342
-290
-197
-47
127
347
584
851
1117
1317
1470
1521
1491
1367
1180
932
567
167
-300
-786
-1251
-1655
-1972
-2269
-2453
-2572
-2618
-2547
-2372
-2102
-1817
-1470
-1113
-775
-416
-64
266
517
735
895
977
1032
1063
1056
999
940
875
794
740
723
714
700
721
747
762
779
801
779
702
613
489
316
134
-42
-242
-451
-614
-755
-875
-927
-908
-858
-768
-607
-420
-228
1
250
465
648
813
924
967
976
955
863
728
584
397
185
-8
-175
-342
-492
-601
-698
-779
-813
-806
-790
-763
-709
-662
-618
-551
-468
-398
-334
-260
-197
-149
-82
-1
63
118
186
243
281
334
396
440
475
522
558
568
577
576
542
481
425
346
226
101
-16
-141
-245
-282
-278
-260
-191
-68
77
249
469
678
830
949
1023
1016
941
827
640
363
51
-276
-633
-973
-1255
-1504
-1728
-1872
-1937
-1947
-1876
-1705
-1497
-1273
-999
-701
-421
-141
143
370
526
656
742
764
762
756
710
635
577
531
480
462
485
512
534
580
626
647
663
681
658
598
522
425
296
163
41
-89
-217
-316
-394
-459
-494
-488
-470
-441
-379
-300
-219
-131
-25
67
138
215
280
319
342
355
332
269
202
115
1
-113
-220
-333
-450
-531
-591
-634
-636
-602
-551
-491
-411
-324
-252
-174
-102
-51
-17
10
34
43
61
93
124
162
211
268
315
362
409
435
450
454
445
416
374
342
300
284
293
316
360
416
497
574
671
777
849
904
914
888
802
672
517
285
31
-263
-582
-907
-1222
-1488
-1737
-1921
-2041
-2110
-2094
-2011
-1841
-1624
-1360
-1051
-750
-434
-129
158
410
612
775
871
925
952
942
911
856
788
703
621
562
507
461
426
386
347
308
279
246
196
139
59
-37
-138
-239
-335
-432
-510
-577
-622
-625
-588
-502
-380
-226
-45
153
377
604
822
1017
1172
1284
1340
1343
1290
1182
1026
824
585
322
50
-212
-456
-671
-853
-995
-1095
-1150
-1159
-1128
-1068
-983
-880
-766
-649
-534
-425
-325
-235
-160
-97
-42
5
49
88
128
167
207
252
298
345
389
427
456
474
479
468
440
394
330
250
156
55
-46
-140
-225
-296
-352
-387
-397
-379
-337
-273
-196
-111
-23
69
155
235
300
346
371
374
362
339
308
266
216
158
97
42
-3
-36
-62
-83
-102
-116
-120
-115
-104
-94
-85
-82
-82
-82
-83
-83
-85
-92
-102
-112
-116
-114
-102
-89
-73
-54
-32
-5
24
53
77
91
93
87
71
44
9
-35
-88
-147
-206
-259
-301
-333
-352
-358
-354
-337
-309
-269
-220
-167
-113
-61
-13
29
65
96
120
137
144
145
143
139
133
124
116
107
103
105
114
128
145
164
189
220
258
297
332
358
370
370
359
342
316
280
235
183
136
107
108
136
188
259
341
436
541
654
761
841
880
865
796
680
522
325
87
-186
-486
-795
-1091
-1352
-1566
-1736
-1853
-1920
-1931
-1876
-1753
-1575
-1354
-1107
-851
-595
-340
-95
132
329
486
599
669
709
725
719
700
667
626
585
550
525
510
505
505
503
498
484
460
422
369
299
214
111
-2
-118
-232
-336
-423
-488
-524
-524
-489
-414
-306
-169
-14
154
326
491
640
762
850
896
898
862
786
678
542
383
211
36
-131
-284
-417
-526
-609
-665
-694
-695
-670
-627
-567
-498
-425
-349
-277
-209
-151
-101
-60
-32
-13
0
12
22
36
55
79
107
142
180
222
263
300
327
341
340
321
286
233
163
79
-15
-113
-210
-299
-376
-437
-480
-501
-499
-472
-424
-357
-275
-182
-87
8
99
180
250
304
340
356
357
339
310
268
221
170
118
71
30
-1
-21
-30
-29
-19
-6
10
24
32
35
29
14
-11
-42
-79
-117
-152
-182
-202
-213
-211
-197
-171
-134
-90
-40
11
61
107
147
177
199
211
214
207
192
170
142
110
74
37
1
-35
-67
-93
-112
-125
-128
-122
-110
-89
-63
-33
-4
24
47
64
73
77
72
63
49
32
16
3
-7
-12
-12
-7
3
15
28
40
48
54
55
51
43
31
16
1
-16
-34
-50
-62
-73
-81
-85
-86
-85
-82
-75
-68
-59
-47
-31
-16
0
16
31
43
53
61
64
62
55
45
33
18
2
-13
-26
-37
-44
-48
-47
-44
-40
-34
-28
-21
-18
-18
-18
-23
-28
-34
-40
-46
-50
-53
-51
-48
-43
-37
-30
-20
-12
-1
10
20
30
39
47
54
59
64
67
67
67
63
60
56
50
43
37
30
27
24
22
21
22
24
28
34
39
47
53
58
60
60
59
55
50
42
34
26
18
10
4
-4
-10
-15
-21
-27
-32
-40
-46
-53
-61
-67
-75
-83
-89
-94
-97
-98
-93
-89
-80
-69
-55
-41
-26
-10
5
18
30
37
42
43
42
39
32
23
15
7
1
-4
-7
-7
-5
-1
2
6
8
9
9
6
1
-4
-11
-18
-26
-31
-33
-33
-29
-24
-15
-3
10
23
36
49
60
69
76
79
79
76
69
60
48
37
24
12
2
-6
-11
-13
-15
-13
-10
-9
-8
-8
-11
-17
-23
-30
-39
-46
-50
-54
-58
-56
-54
-53
-48
-45
-42
-40
-42
-43
-43
-44
-46
-45
-43
-39
-32
-24
-15
-4
7
17
25
32
38
39
39
38
35
33
31
30
30
30
34
38
45
50
53
56
59
59
57
52
46
40
31
24
15
7
0
-8
-13
-19
-23
-25
-27
-27
-26
-23
-20
-17
-13
-8
-4
-1
4
8
10
11
10
8
7
5
4
0
-2
-3
-4
-5
-5
-5
-3
-2
2
5
9
13
17
19
21
21
18
15
7
-2
-12
-22
-34
-44
-52
-59
-62
-64
-62
-58
-51
-42
-33
-24
-14
-4
5
10
14
15
15
14
10
7
3
0
-1
-2
-1
0
5
8
14
20
25
29
33
35
34
33
32
30
27
23
18
13
8
3
-2
-7
-11
-16
-21
-25
-31
-36
-40
-43
-42
-38
-34
-28
-23
-15
-7
1
9
19
26
30
32
33
33
32
33
32
32
30
28
26
23
23
22
21
20
20
19
18
15
13
9
7
4
2
-1
-3
-3
-3
-3
0
1
3
3
2
0
-2
-4
-7
-10
-14
-17
-21
-22
-24
-25
-25
-23
-25
-25
-27
-29
-30
-32
-33
-34
-33
-34
-35
-34
-33
-31
-27
-25
-23
-21
-18
-18
-17
-16
-13
-12
-11
-9
-6
-5
-3
0
3
8
12
17
19
22
26
29
32
34
34
35
35
35
34
33
33
33
32
32
32
30
31
31
30
31
30
30
29
25
23
20
17
13
8
4
-3
-9
-14
-19
-23
-27
-30
-30
-30
-29
-28
-26
-22
-18
-14
-10
-5
-1
3
7
8
9
9
9
7
5
1
-2
-5
-8
-10
-12
-12
-13
-13
-14
-14
-15
-15
-14
-14
-14
-15
-17
-17
-18
-17
-17
-18
-17
-17
-16
-14
-12
-9
-7
-3
-1
3
5
7
9
12
15
17
15
15
13
10
8
7
5
3
2
0
1
2
3
7
10
13
16
19
21
24
27
28
27
26
26
25
23
19
17
14
11
8
4
0
-3
-6
-7
-10
-12
-13
-13
-13
-14
-14
-13
-13
-14
-15
-15
-15
-16
-17
-18
-18
-19
-20
-20
-21
-20
-20
-20
-20
-19
-18
-15
-15
-12
-12
-12
-11
-10
-6
-5
-2
-1
0
3
6
9
13
16
20
21
25
29
31
35
37
41
43
43
44
44
44
43
40
37
32
27
22
15
10
4
-2
-8
-15
-21
-26
-31
-36
-40
-41
-44
-44
-43
-43
-41
-38
-36
-32
-29
-25
-21
-17
-14
-10
-8
-5
-2
0
1
3
4
5
5
3
2
0
-1
-2
-3
-5
-7
-8
-8
-7
-6
-2
0
4
9
12
16
21
24
26
28
30
30
30
28
28
25
24
23
19
17
16
14
13
13
14
15
14
14
15
16
16
14
14
11
9
5
1
-3
-5
-9
-11
-13
-15
-18
-20
-21
-23
-24
-23
-24
-25
-25
-25
-26
-26
-26
-27
-28
-28
-29
-31
-33
-36
-39
-44
-47
-47
-49
-49
-50
-48
-43
-39
-34
-27
-20
-11
-1
7
16
24
30
37
44
49
56
62
66
69
75
77
81
82
82
79
76
75
71
66
61
54
49
43
37
30
24
17
12
7
1
-5
-9
-14
-18
-20
-25
-29
-32
-36
-38
-41
-42
-45
-47
-49
-51
-54
-56
-55
-55
-56
-56
-55
-53
-49
-45
-42
-37
-31
-27
-24
-19
-15
-12
-10
-6
-4
-2
0
1
4
7
8
10
11
10
10
11
12
11
12
13
14
14
14
12
11
11
9
9
9
7
7
6
5
5
5
5
7
8
8
9
10
13
14
16
19
20
20
21
20
19
18
17
16
15
15
13
13
14
13
14
15
16
14
12
9
7
5
3
2
-1
-2
-6
-9
-11
-12
-14
-15
-14
-15
-16
-17
-18
-18
-16
-16
-14
-14
-14
-12
-12
-12
-13
-14
-13
-13
-12
-14
-13
-14
-12
-10
-10
-9
-6
-3
-2
-1
1
2
3
5
5
5
5
5
3
3
2
2
1
0
0
-1
-1
0
-1
1
1
2
2
2
2
4
4
4
6
8
9
7
7
7
7
8
8
7
7
7
9
8
8
7
7
7
6
6
8
7
6
6
5
4
2
2
0
-1
-1
-1
-1
0
-1
-1
0
-1
-1
-1
-2
-2
-3
-3
-3
-3
-4
-3
-2
-2
-3
-3
-4
-2
-3
-4
-4
-5
-7
-8
-8
-9
-7
-8
-7
-7
-7
-5
-5
-4
-4
-2
0
2
2
3
4
3
3
3
3
3
3
4
5
5
5
4
4
2
1
0
-3
-3
-3
-3
-2
0
0
0
0
0
0
0
1
2
3
4
6
8
9
10
8
7
6
5
3
2
0
1
0
1
1
1
0
-2
-6
-9
-9
-10
-9
-8
-6
-5
-3
-1
0
-1
0
0
-1
0
0
1
1
3
2
4
3
4
4
3
3
1
0
0
0
-1
-1
1
0
3
1
1
0
-1
-2
-2
-2
-3
-2
-3
-2
-1
-2
-1
0
0
0
0
1
0
2
2
1
0
0
0
0
1
1
-1
0
-2
-1
-2
-2
-2
-1
0
0
0
0
1
1
0
0
0
-1
0
0
1
1
3
3
2
1
3
3
3
4
3
5
3
5
2
1
0
0
-1
-1
-2
-1
-1
-1
0
0
0
0
0
1
0
0
-1
-1
-1
0
0
0
1
1
1
2
0
-2
-2
-3
-4
-4
-3
-4
-4
-3
-3
-4
-4
-4
-3
-2
-2
-2
-2
-2
-1
0
0
1
0
2
1
1
2
1
3
4
4
4
4
4
4
3
1
0
-1
0
0
0
0
0
1
1
2
1
1
1
1
1
1
1
0
0
-1
-1
0
1
0
1
1
1
1
0
1
1
1
1
1
1
1
3
2
1
1
1
1
0
-1
-1
-2
-2
-2
0
-1
-1
-2
-1
-1
-2
-2
-2
-3
-2
-1
-1
0
0
0
0
1
0
1
-1
-2
-3
-4
-5
-5
-4
-2
-2
-2
-1
0
0
1
1
2
2
3
3
3
3
2
2
2
0
1
0
1
2
2
2
3
2
4
2
1
2
1
1
-1
-1
-1
-2
0
0
0
1
1
-2
-1
-2
-2
-2
-2
-3
-2
-2
-2
-3
-3
-2
-2
-1
-1
-1
0
-1
-2
0
1
1
2
2
5
4
3
3
3
3
2
1
1
1
1
1
1
1
1
0
0
-1
-1
0
-1
-1
-1
-3
-4
-5
-6
-5
-3
-2
1
2
2
1
0
0
0
0
0
0
0
-1
1
1
0
0
0
0
1
0
0
1
1
1
1
2
1
2
2
4
4
3
2
3
2
1
0
-2
-2
-1
-2
-1
0
1
1
2
2
2
1
0
0
1
0
1
1
1
2
1
1
-1
-1
-2
-2
-3
-4
-4
-4
-5
-4
-4
-3
-2
-2
-1
1
0
0
-1
-1
0
1
1
1
2
2
2
2
2
2
3
2
2
3
3
2
2
1
1
2
1
0
-1
-2
-1
-2
-2
-3
-2
-2
-1
-1
-2
-2
-4
-3
-3
-3
-4
-2
-2
-2
-1
-2
0
-1
-1
0
0
-1
0
0
0
1
2
3
2
4
4
4
5
6
5
3
4
3
3
4
3
3
3
3
2
1
1
2
2
2
2
2
2
0
-1
-2
-2
-3
-4
-2
-2
-3
-3
-4
-4
-3
-4
-5
-5
-5
-5
-4
-3
-3
-1
-2
-2
-1
0
1
2
2
1
1
0
2
2
3
3
2
2
2
2
3
3
2
1
1
0
-1
1
0
0
1
1
2
2
1
1
1
0
-2
-2
-3
-3
-3
-3
-2
-1
-1
0
-1
-1
-2
-1
-1
1
-1
0
1
0
0
1
2
2
2
1
2
1
1
2
1
1
1
3
3
3
3
3
4
3
2
1
2
1
2
1
-1
-1
-2
-2
-2
-4
-3
-3
-2
-2
-2
-2
-2
-2
-2
-2
-1
-1
-1
0
0
1
0
-2
-2
-2
-3
-2
-2
-2
-3
-2
0
1
1
2
2
3
1
2
2
0
0
0
0
1
1
2
2
4
5
5
4
3
2
0
0
0
1
2
2
1
0
0
0
-1
-2
-2
-1
-2
-1
-1
-2
-3
-3
-3
-2
-3
-4
-5
-4
-4
-4
-3
-2
-2
-2
-1
0
1
2
1
1
3
2
3
3
3
3
3
2
1
1
2
1
3
3
3
2
2
1
0
-1
-2
-1
-1
0
1
0
1
0
0
0
0
-1
-1
0
0
0
-1
-2
-2
-2
-1
-1
-1
0
-1
-2
-2
-2
-1
-1
0
1
0
0
0
1
2
2
2
2
2
2
4
5
4
5
4
4
2
1
1
0
0
0
0
-1
-2
-3
-3
-3
-2
-2
-2
-2
-3
-2
-4
-3
-3
-3
-3
-3
-4
-4
-4
-2
-1
-1
-2
-1
-1
0
1
3
5
5
5
4
5
4
2
3
2
2
0
1
1
1
2
2
3
2
2
2
2
1
2
1
0
1
0
-1
-1
0
0
0
1
1
0
0
0
0
0
0
-1
0
0
1
-1
-1
-2
-3
-2
-2
-3
-3
-2
-2
-1
-1
-1
0
-1
-1
0
0
1
1
1
1
1
2
1
1
0
0
0
1
0
-1
-1
-1
-2
-1
-1
-2
-3
-3
-3
-2
-1
0
2
2
3
3
2
1
2
1
1
1
1
2
2
2
2
1
2
0
0
0
-2
-2
-2
-1
-1
0
0
-1
-1
-1
-2
1
2
2
1
0
0
0
0
-1
0
0
0
0
-1
-1
-2
-2
-1
0
0
1
0
0
0
-1
0
-1
0
-1
-1
-1
-1
-2
-3
-2
-3
-3
-1
-1
-2
-1
0
0
3
4
4
4
4
4
5
3
3
3
2
0
0
0
-2
-2
-3
-3
-3
-2
-2
-1
0
0
0
0
0
0
0
0
0
1
2
3
2
2
3
3
2
1
2
1
0
1
1
-1
-2
-3
-3
-3
-4
-4
-3
-2
-2
-1
-1
-1
-2
-2
-2
-1
-1
1
0
1
3
3
2
3
3
1
1
3
2
2
3
1
0
0
-1
0
0
0
-1
-1
-2
-2
-3
-3
-3
-3
-2
-2
-2
-2
-1
1
2
3
4
3
3
2
2
2
3
3
3
0
2
0
1
0
0
0
0
0
0
-1
0
-2
-2
-3
-1
-1
-1
-1
-1
-1
-1
-1
-2
-2
-3
-2
-3
-3
-2
-3
-2
-1
-1
0
0
0
1
2
3
2
2
1
0
0
0
-1
0
0
1
2
2
2
3
3
2
2
2
3
1
1
2
2
1
3
3
3
3
2
1
-2
-1
-2
-3
-3
-2
-3
-3
-3
-4
-4
-4
-3
-2
-3
-1
0
0
0
0
-1
-2
0
0
2
3
4
3
3
3
2
1
1
1
2
2
2
0
-1
-1
0
-1
-1
-1
-1
-1
-1
0
-1
1
2
1
-1
-1
-1
-1
0
0
0
1
1
0
0
1
0
1
-2
-2
-3
-4
-3
-3
-3
-3
-3
-2
-2
-1
1
2
1
1
2
2
1
3
2
0
1
2
2
2
3
2
1
1
1
2
2
2
2
3
2
3
1
1
1
0
1
1
-1
-1
-1
-3
-2
-1
-2
-1
-3
-3
-5
-3
-4
-2
-2
-2
-2
-3
-2
-3
-2
-3
-2
-1
-1
-1
-2
0
1
2
2
2
2
3
1
2
2
1
1
3
2
3
2
3
2
3
3
3
2
2
1
0
-1
-1
-2
-1
-1
-1
0
-1
-1
-1
-1
-1
-1
-2
0
-1
0
0
-1
0
0
-1
-2
-3
-3
-2
-1
-1
1
0
0
-1
0
1
1
2
2
2
2
2
2
2
2
2
2
3
1
2
1
1
1
1
0
-1
-1
0
-1
-3
-3
-4
-4
-4
-3
-2
-2
-2
-2
-1
-1
0
-1
-2
-2
-2
-2
-3
-3
-2
-2
-1
0
2
5
5
5
4
3
1
2
0
0
1
0
1
2
2
3
2
3
3
3
4
3
2
1
1
-1
-1
-3
-3
-3
-3
-2
-2
-2
-2
-4
-3
-5
-5
-5
-4
-3
-3
-3
-2
0
1
2
2
1
3
3
3
3
3
3
2
3
2
3
3
2
2
1
2
1
1
0
0
0
1
0
0
1
0
0
0
0
2
2
1
1
-1
-2
-4
-4
-5
-5
-3
-2
-2
0
1
2
2
1
2
1
1
0
-2
-3
-3
-3
-3
-3
-3
-4
-2
-2
-3
-1
-2
-1
-2
-1
-1
2
3
3
3
2
3
3
4
2
2
1
1
0
-1
-1
0
1
2
2
2
2
1
1
1
2
1
1
1
1
1
1
1
0
0
-1
1
2
1
1
2
1
0
-1
0
-1
0
0
1
1
1
1
0
0
0
-1
-2
-2
-2
-2
-1
-1
-2
-2
-4
-3
-4
-4
-4
-5
-5
-4
-3
-2
-1
0
0
1
1
2
2
3
4
3
3
1
0
-2
-3
-3
-4
-2
-2
0
2
2
3
4
4
4
3
2
1
-2
-2
-3
-2
-1
0
1
3
4
6
6
5
3
2
2
1
-1
-2
-2
-3
-3
-2
-2
0
1
1
2
2
1
0
0
0
-1
-1
-2
-2
-2
-2
-1
0
2
0
1
1
2
2
1
2
1
-1
-3
-4
-4
-4
-3
-2
-2
-1
0
0
-1
-2
-2
-1
0
1
0
1
0
-1
-1
-1
-2
-2
-1
0
-1
0
1
0
0
0
1
2
3
2
2
2
2
0
0
0
0
-1
-1
1
1
0
0
0
0
-1
-1
0
0
0
0
0
1
0
0
0
1
2
3
2
0
-1
0
0
1
-2
-2
-3
-4
-4
-5
-3
-2
-1
0
2
2
3
3
4
3
1
0
0
-1
-1
-1
0
1
1
2
1
3
3
4
2
3
2
1
0
-2
-2
-3
-3
-2
-1
1
2
3
2
2
3
3
2
1
1
0
-1
-1
0
-1
-1
-2
-3
-2
0
0
0
0
1
0
0
0
-1
0
0
-2
-1
-2
-2
-1
-1
-2
-1
0
1
3
3
3
3
1
2
2
0
-1
-1
-2
-2
-2
-1
-2
-1
1
1
1
2
2
1
0
-2
-2
-1
-3
-3
-3
-3
-3
-3
-2
0
-1
1
1
2
3
3
1
0
-2
-1
0
0
0
0
1
2
2
2
2
3
3
3
2
1
0
-1
-1
0
0
0
1
0
0
1
2
2
2
1
2
3
3
2
2
1
0
0
0
-2
-2
-2
-3
-2
-3
-3
-2
-1
0
-1
0
0
1
1
0
-1
-1
-2
-2
-2
-2
-1
1
1
1
2
3
3
3
3
3
4
2
1
1
0
0
-2
-2
-3
-3
-3
-3
-3
-4
-2
0
0
0
0
1
1
1
1
0
-2
-1
-1
-1
-2
-2
-1
-1
1
2
3
3
2
2
2
2
1
1
2
2
1
1
0
-1
-2
-2
-2
-1
-1
-1
-1
-1
-2
-2
0
0
1
1
1
0
-1
-1
-2
-3
-3
-2
-2
-1
0
0
0
-1
0
1
1
1
2
3
3
3
1
1
1
-1
-1
-2
-1
-1
-1
1
2
2
4
3
4
3
3
2
2
1
0
-1
-1
-2
1
0
-1
0
0
1
0
0
-1
0
-1
-1
-1
-1
-1
-2
-3
-3
-4
-5
-5
-4
-2
-2
1
2
2
1
1
0
0
-1
-2
-2
-3
-2
-1
-1
0
0
1
2
3
3
3
3
3
3
3
3
2
2
1
1
1
0
1
-1
0
0
-1
-1
0
0
0
0
0
1
0
2
2
1
0
1
0
0
0
1
0
1
0
1
0
1
-1
-2
-2
-3
-1
-1
0
1
1
0
0
0
-2
-2
-1
-2
-2
-1
0
1
1
1
2
1
0
-2
-2
-1
-1
0
0
0
-1
0
0
1
0
-1
-1
-2
-2
-3
-1
-2
-2
-1
-1
0
2
2
2
1
2
1
1
2
0
-1
0
-1
-1
-2
-1
-1
-1
-1
-1
1
4
5
4
5
2
1
1
1
0
-1
0
0
0
0
1
1
0
0
0
-1
0
-1
0
0
-1
0
-1
-2
-1
-1
0
1
1
1
0
-1
-2
-1
-1
0
-1
-1
-1
-1
-1
-2
-3
-1
0
0
1
1
2
0
0
1
1
0
1
0
-1
-1
-2
-2
-1
-1
0
0
0
0
0
1
2
1
0
-1
-1
0
-1
0
0
0
1
1
0
1
1
1
1
1
1
1
1
1
0
-1
-1
-2
-2
-3
-2
-2
-2
-2
-2
-1
0
1
1
1
1
0
-1
-2
0
0
-1
-1
-1
0
1
2
2
1
2
2
2
2
3
2
2
2
1
-1
-2
-2
-3
-2
-2
-2
0
0
0
1
1
0
2
1
1
0
-1
-1
-1
-1
-2
-3
-2
-2
0
-1
-1
2
1
0
0
1
1
1
1
2
1
-1
-1
-1
-1
-1
-1
2
3
3
3
2
2
2
1
0
1
0
-1
0
0
-1
-1
-1
-2
-1
-2
-1
0
0
-1
-1
-2
-2
-3
-2
-1
-1
-1
-1
-1
-1
-3
-2
-2
-2
-2
1
1
1
3
2
2
1
2
1
1
1
1
1
3
3
2
1
1
0
1
0
1
1
2
3
2
2
3
1
0
0
0
-1
-2
-1
-2
-2
-1
-3
-2
-1
1
1
2
2
2
1
-1
-3
-3
-4
-3
-4
-2
-1
2
2
1
2
2
2
1
0
0
-1
-3
-3
-4
-2
-1
1
3
3
3
3
3
3
1
1
0
-2
-2
-3
0
-1
-1
-2
-1
0
0
0
-1
-1
0
0
0
-1
-2
-2
-3
-2
-2
-1
0
1
3
3
3
4
3
2
2
0
-1
-1
-2
-2
-1
0
2
3
4
4
3
2
0
-2
-2
-2
-2
-2
-1
-1
0
1
-1
-1
-3
-4
-3
-3
-3
-1
-2
-1
0
0
0
1
1
2
3
2
2
1
1
0
0
1
1
1
0
-1
-1
-1
1
0
2
2
3
4
4
3
2
0
-1
-2
-3
-3
-3
-2
-1
-1
0
-1
0
0
0
0
1
1
-2
-3
-3
-3
-3
-3
-2
-1
-1
0
1
1
0
0
-2
-2
-1
0
0
0
-1
-2
-2
-3
-3
-1
0
2
2
3
3
4
5
5
4
3
2
2
1
-1
-1
-1
-2
-2
-4
-2
-2
0
1
2
3
1
1
-1
-2
-2
-3
-4
-4
-4
-2
-1
0
1
2
2
3
2
2
2
2
2
2
1
0
-1
1
-1
0
-1
-1
0
1
0
0
2
3
3
4
3
2
1
-1
-2
-2
-2
-2
-3
-2
-2
-1
-1
-1
-1
-1
-1
-2
-2
-2
-2
-3
-4
-4
-3
-4
-3
-1
0
0
1
1
3
2
1
3
3
2
3
3
3
2
1
1
0
0
1
2
3
3
3
2
2
2
2
4
4
3
2
2
1
0
-1
-2
-2
-1
-2
-3
-2
-2
-1
-1
-1
-1
-1
-3
-4
-3
-3
-3
-3
-1
-1
-1
1
2
2
2
2
2
2
1
1
1
0
1
1
1
2
1
3
2
2
2
1
1
-1
-1
-2
-2
-1
0
-1
-2
0
-1
-1
-2
-2
-3
-2
-3
-3
-2
-2
-2
0
0
1
2
2
2
2
2
2
1
2
2
2
1
0
-1
1
1
1
2
2
2
3
3
2
2
2
0
-1
-1
-1
0
1
0
0
0
0
1
0
2
1
1
0
-2
-3
-4
-4
-4
-5
-4
-3
-3
-2
-2
-3
-3
-2
-3
-3
-3
-2
0
0
0
0
-1
0
1
1
2
3
4
4
3
5
3
2
2
3
2
1
1
3
2
3
2
1
1
1
2
1
2
1
1
0
-1
-1
-3
-3
-3
-3
-1
-2
0
0
0
1
0
-2
-2
-1
-2
-2
-2
-2
0
1
1
1
1
0
1
-1
0
0
1
1
1
1
0
0
-2
-3
-3
-3
-2
-2
-1
-1
0
-1
-1
0
1
1
1
2
1
2
2
2
1
0
0
-1
-2
-1
-2
-2
-2
-2
-2
-2
-2
-2
-1
-1
1
2
3
2
2
1
1
0
-1
0
-1
0
1
1
2
3
3
5
3
2
1
1
1
0
0
1
1
3
1
0
1
1
1
0
-1
-1
-3
-3
-3
-3
-2
-1
0
0
1
0
-1
-1
-1
-1
-1
-3
-1
-3
-3
-3
-2
-1
-2
-2
-2
-2
-2
-1
0
1
2
3
5
4
3
2
2
1
1
0
1
1
1
1
0
-1
-1
-1
0
0
0
1
1
1
2
2
3
2
2
1
0
0
-2
-3
-3
-3
-3
-3
-2
-2
-2
0
1
1
3
2
2
1
1
1
1
0
-1
-1
-1
-1
0
-1
-1
0
0
2
1
1
0
0
0
0
1
0
0
-1
0
-1
0
-2
0
1
0
1
1
0
0
0
-1
-1
-2
-1
-1
-1
-1
-2
0
-1
-1
0
0
0
0
-1
-1
-1
0
-1
1
0
1
1
2
1
1
1
1
0
1
1
1
2
2
2
1
1
2
2
1
1
1
0
0
-1
-2
-2
-2
-3
-2
-1
-1
-1
-1
0
0
0
0
-1
-1
-1
-2
-2
-4
-4
-4
-3
-3
-2
-1
1
2
3
4
3
2
2
1
0
0
0
-1
0
0
-1
-1
0
1
0
1
1
0
1
-1
0
0
-1
-2
1
1
0
2
1
2
3
4
5
4
3
4
3
2
1
-1
-2
-2
-3
-2
-2
-1
-1
1
2
1
1
1
0
0
0
-2
-2
-4
-3
