SAMPLES:	22724
BITSPERSAMPLE:	16
CHANNELS:	1
SAMPLERATE:	16000
NORMALIZED:	FALSE
1
0
0
-1
-3
-2
-3
-3
-2
-2
-2
-3
-2
-2
-3
-3
-3
-1
-1
-2
-2
-1
1
2
2
2
1
1
0
0
0
0
-1
-2
-2
0
-1
-1
2
1
2
1
0
0
-1
0
0
0
-2
-1
0
0
2
1
0
-1
-1
1
-1
0
1
0
0
0
-1
-1
1
1
2
2
2
3
2
2
2
1
2
2
1
1
1
1
1
1
2
4
4
3
1
1
0
0
-1
-2
-1
-1
-2
-3
-3
-2
-2
-2
-3
-5
-4
-5
-5
-4
-3
-3
-2
-1
-1
-2
0
1
1
1
2
2
3
2
1
1
1
0
0
0
0
0
1
1
2
1
1
1
3
3
4
3
2
5
3
3
2
1
1
-1
-1
0
0
0
0
0
0
-1
-1
-2
-2
-3
-4
-4
-4
-3
-3
-2
-1
0
-1
0
1
0
0
-1
-2
-2
-2
-2
0
1
0
1
0
1
0
1
1
0
0
0
0
0
0
1
2
3
1
3
3
2
2
2
1
1
1
1
1
0
0
-1
-1
-1
-1
-2
-1
-2
-1
-2
-2
-2
-2
-1
-2
-1
0
0
0
0
2
1
1
2
1
2
2
1
1
1
2
2
0
1
2
1
0
-2
0
0
1
-1
-1
0
-1
-1
-3
-2
-2
-2
-1
-3
-2
-1
0
0
-1
1
0
0
0
-1
0
-1
0
0
-1
0
0
0
1
1
3
1
1
1
0
0
-1
-1
-2
-1
1
1
3
4
3
3
2
2
1
1
1
0
0
0
-1
0
0
-1
1
0
1
1
1
1
1
0
0
0
1
0
-1
-1
-1
-2
-1
-1
-1
-2
-3
-3
-2
-1
-2
-1
-2
-3
-2
-3
-4
-3
-3
-3
-2
-1
0
2
2
2
1
-1
-1
-2
-1
-2
-2
-1
-1
1
2
1
1
1
1
0
1
-1
0
2
1
1
2
2
3
3
2
4
4
3
3
2
2
0
0
-1
-1
-1
1
1
1
2
3
2
2
3
3
2
0
-1
-2
-2
-2
-2
-3
-3
-2
0
-1
-1
-1
-2
-3
-4
-4
-4
-3
-3
-3
-2
-2
-2
0
1
1
2
1
1
1
0
-1
-2
-1
-1
-2
0
-1
0
1
1
2
1
3
2
2
3
3
1
1
1
2
2
2
2
3
2
1
2
2
1
0
-1
-1
-2
-2
-2
0
-1
-1
-1
-1
0
1
1
2
2
0
0
0
-1
-2
-1
-1
-1
0
0
0
0
0
1
0
0
1
1
0
0
-1
-1
0
0
-1
-1
-1
-1
-2
-3
-2
-2
-1
-2
-2
-1
-1
-2
0
1
0
1
1
1
0
0
0
1
1
1
1
2
1
1
1
1
2
0
1
1
1
1
2
1
1
0
1
1
1
2
2
2
0
1
1
1
0
1
0
0
1
0
0
-1
0
-1
-2
-1
0
0
-1
-1
-2
-1
-1
-1
-1
-3
-3
-2
-2
-1
-2
-1
0
0
0
-1
-1
-2
-1
-1
-1
-1
0
0
-1
2
1
1
2
1
2
2
1
1
1
1
0
1
1
1
1
1
2
1
1
0
-1
-1
-1
-1
-1
-1
-2
-1
-1
0
0
2
1
1
2
1
2
2
1
0
0
0
-1
1
0
0
1
-1
-1
-1
-1
-1
-1
-1
-1
-1
-1
-1
0
-1
0
-1
0
0
-1
-2
-2
-2
-2
-2
-2
-3
-1
-1
-1
0
-1
0
1
1
1
2
1
1
0
1
0
-1
0
2
2
2
1
2
1
2
0
0
0
0
1
1
1
0
0
1
1
0
0
0
-1
-1
0
-1
-1
0
-1
0
0
0
0
1
1
0
1
0
0
1
0
0
1
0
1
1
2
2
2
1
1
1
1
0
-1
-1
-1
-1
-1
-1
-2
-1
-1
-1
0
-1
0
0
-1
-1
-2
-1
-2
-1
-1
-2
-2
-3
-2
-2
-1
-1
-1
-2
0
0
1
1
2
3
2
2
3
1
0
1
1
1
1
1
2
3
3
3
3
2
2
3
1
2
2
1
1
0
0
1
1
2
1
2
1
1
-1
-1
-2
-1
-3
-3
-2
-3
-3
-2
-3
-2
-1
-1
-2
-1
-1
-1
-1
-1
0
0
-1
-2
-1
-1
-1
-1
-1
0
0
0
0
0
0
1
1
1
2
2
3
2
2
1
1
1
1
0
0
1
1
0
1
0
-1
0
-1
-1
0
-2
-1
-1
-1
-2
-2
-1
-2
-2
0
0
1
1
1
0
-1
0
0
-2
-1
-1
0
0
2
2
2
1
2
1
1
0
-1
-1
0
1
0
1
1
1
1
1
0
0
0
0
0
0
1
0
1
-1
0
0
-1
-1
-1
-1
-1
0
-1
-1
-1
0
0
0
-1
-2
0
-3
-2
-2
-2
-1
0
1
1
1
2
1
1
0
0
0
1
0
0
0
1
2
2
2
2
3
4
4
2
3
2
0
0
1
0
-1
0
0
0
0
1
0
0
-2
-2
-3
-4
-5
-6
-5
-6
-5
-4
-3
-3
-3
-3
-1
0
0
0
0
-1
0
-1
0
2
0
1
2
3
2
1
3
2
2
2
1
0
0
1
0
1
2
3
4
2
1
2
2
0
1
1
0
1
0
0
-1
1
0
0
0
2
1
2
3
1
0
0
0
0
0
0
0
0
1
0
1
2
1
2
1
-1
-1
-4
-4
-3
-4
-5
-6
-5
-5
-4
-2
-2
-1
0
0
0
0
0
0
1
0
1
2
2
3
3
2
3
3
2
1
2
2
2
2
1
0
1
1
2
2
2
1
1
1
1
0
-1
-1
-2
-1
-2
-1
-2
-2
-1
-1
0
0
1
0
0
0
0
-1
-1
0
1
2
1
1
0
0
-1
-1
0
1
0
0
0
-1
-1
-1
0
1
0
0
1
1
2
0
1
1
0
-1
0
-1
-1
-2
-2
-3
-2
-1
-1
-2
-2
-1
-3
-2
-1
-1
0
1
1
2
1
2
-1
-1
-1
-1
0
0
-1
-1
0
0
1
1
0
1
0
3
3
4
4
5
5
4
3
3
2
1
1
1
1
0
0
0
-2
0
0
0
1
0
0
1
0
0
0
-2
-3
-3
-3
-3
-3
-3
-3
-3
-2
-3
-3
-1
-1
-2
-2
-1
-1
0
0
1
1
2
1
1
1
2
1
1
2
2
2
1
1
1
2
2
2
2
3
2
3
2
2
2
1
0
-1
-1
-1
-1
-2
-3
-3
-4
-4
-4
-4
-2
-1
-1
0
-1
0
-2
-2
-1
-2
1
3
3
3
2
3
1
0
0
0
0
-1
-1
-1
-1
0
-1
-1
-1
0
0
1
2
2
2
3
2
0
-1
-2
-2
-1
-1
-1
1
0
0
0
1
0
0
-1
-1
-1
-1
0
0
-1
-1
-1
-2
-1
-1
1
1
1
1
1
1
0
-1
-1
-1
-1
0
-1
-1
-1
0
0
2
1
2
2
1
2
2
2
2
1
0
1
1
0
0
1
1
0
1
1
0
0
-1
-2
-2
-3
-2
-1
-3
-2
-2
-2
-2
-3
-2
-3
-3
-1
-1
0
-1
0
0
0
1
2
2
1
2
2
2
1
2
2
2
2
1
1
1
1
1
2
2
2
3
3
2
2
0
0
0
-1
0
0
0
-1
-1
0
1
0
0
0
0
-3
-3
-2
-3
-2
-2
-2
-2
-2
0
-1
-1
0
-1
-1
-1
-1
0
-1
0
0
1
1
1
1
1
0
0
0
0
0
1
2
2
1
1
-1
-1
0
1
1
1
-1
0
-1
-1
-1
0
0
1
1
1
1
0
0
-1
-1
-1
0
-1
0
0
1
1
1
2
0
0
1
1
1
2
1
0
1
2
1
1
0
0
-1
-1
0
0
0
0
0
0
0
2
2
1
-1
-1
-2
-2
-3
-2
-2
-1
-1
-2
-2
-1
-1
0
-1
-2
-2
-1
-1
-1
-1
1
0
0
0
0
-1
0
0
0
-1
-1
-1
0
0
1
1
0
0
2
1
1
2
0
0
0
-1
-1
-2
-1
0
0
1
2
2
1
1
-1
-1
-1
0
-1
0
0
-1
1
1
1
1
1
2
1
1
0
0
0
0
0
1
0
0
1
1
1
1
1
0
1
-1
-2
-2
-2
-1
-1
-1
-2
0
-1
0
0
-1
-1
-1
-1
-2
-1
-1
0
0
0
0
0
-1
-1
0
0
0
-2
-1
-1
-1
-1
-1
0
0
0
0
1
1
0
1
1
0
-1
0
-1
0
-1
0
0
1
1
2
2
0
0
1
1
1
1
0
1
2
0
1
1
0
0
0
0
2
0
0
1
0
0
0
0
-1
-1
-2
-2
-1
-2
-2
-2
-2
-2
-1
-1
0
0
1
1
0
1
0
0
0
0
0
0
0
0
-1
0
0
0
2
1
2
1
1
1
1
1
2
1
1
2
1
-1
0
-2
-1
-1
-1
-1
0
0
0
-1
-1
-1
0
2
1
2
1
0
0
0
0
1
1
0
1
2
1
0
-2
-2
-4
-3
-2
-1
-1
0
1
1
2
1
1
-2
-2
-2
-2
0
-1
-1
-1
-1
0
0
0
-1
-1
0
0
0
2
1
0
1
0
1
1
1
1
1
1
1
1
3
2
1
2
2
3
3
2
2
1
1
0
0
0
-1
0
-1
-2
0
-1
0
-1
-1
0
0
-1
-1
-1
-2
0
-1
1
1
1
2
0
0
-2
-1
-1
-1
-1
-1
-1
-1
0
-1
0
1
0
0
0
0
0
0
0
-1
-1
0
0
0
-1
-1
-2
-1
-2
-2
-1
0
1
0
0
0
1
1
1
1
0
0
-1
-1
1
1
1
1
1
2
1
1
1
0
-1
0
-1
0
0
0
1
1
2
2
3
2
3
2
2
2
1
2
1
1
-1
0
-2
-1
-1
-2
-1
-1
0
-1
-2
-1
-2
-3
-3
-4
-4
-2
-3
-2
-2
-2
-2
-1
1
0
0
-1
0
1
-1
-1
0
-1
-1
1
1
0
0
0
1
1
0
0
0
1
1
0
2
2
3
3
3
3
3
3
2
1
0
-1
1
1
1
0
-2
0
-1
0
0
0
0
-1
-1
1
0
-1
-2
-3
-1
-1
1
-1
-1
0
-1
0
1
1
2
1
0
-1
-1
-1
-1
-1
-1
-2
-1
-2
-2
-1
-1
-1
0
0
-1
-1
0
-1
-2
-1
-1
-2
0
1
0
0
1
1
1
1
1
2
1
0
0
1
1
1
2
2
3
2
3
1
1
0
0
0
1
1
1
2
1
0
0
-1
-1
-1
0
0
0
0
0
0
1
1
2
1
1
0
0
0
-1
-1
-1
-1
-1
-1
0
0
0
-1
-1
-2
-2
-2
-2
-2
-2
-3
-2
-4
-2
-3
-2
-2
-2
-2
-1
0
1
1
1
0
1
0
0
-1
-1
0
0
1
0
1
2
2
2
2
2
2
2
3
4
5
5
5
5
7
6
5
6
6
6
4
1
0
-1
-2
-4
-5
-5
-5
-7
-8
-6
-3
-2
-3
-5
-6
-3
2
1
-6
-10
-6
-4
-4
-7
-7
-7
-10
-10
-7
-2
2
2
-1
-6
-4
4
4
-2
2
7
3
-2
4
15
13
11
20
22
13
9
12
2
-17
-22
-29
-53
-47
-2
-52
-221
-268
-61
134
-5
-282
-276
-7
165
95
-26
-36
52
182
269
208
58
39
189
305
252
131
61
43
71
149
183
82
-54
-56
37
54
-32
-84
-58
-37
-60
-89
-108
-138
-146
-99
-46
-67
-143
-174
-140
-88
-65
-75
-89
-95
-82
-56
-37
-37
-36
-10
32
50
30
6
19
61
91
91
68
48
47
59
72
73
61
50
47
45
33
17
15
25
30
19
-1
-15
-14
-6
0
0
-1
-4
-8
-14
-17
-9
-1
2
-2
-8
-14
-19
-18
-8
-1
-4
-11
-14
-13
-12
-12
-8
-4
-1
-2
-5
-8
-8
0
9
13
15
13
8
7
8
14
16
13
8
3
-4
-9
-8
-6
-4
-7
-13
-16
-15
-12
-8
-4
-5
-8
-11
-12
-9
-6
-5
-5
-7
-10
-8
-6
-4
-1
-2
-1
-2
-1
2
2
3
9
14
13
8
4
5
11
15
14
11
8
7
6
6
7
8
7
4
0
-3
-5
-4
-3
-1
-1
-1
-4
-8
-8
-8
-6
-4
-2
-2
-1
-2
-3
0
2
2
2
2
1
2
2
2
3
2
0
0
0
-1
1
1
2
1
-1
-3
-3
-3
-3
0
0
1
1
-1
-2
-2
-1
0
-1
-1
-4
-4
-5
-4
-4
-4
-3
-3
-3
-3
-3
-2
-1
0
0
-1
0
1
2
2
3
1
1
2
3
2
2
0
1
2
1
2
3
3
5
5
5
4
4
5
3
3
3
5
2
-1
-1
-1
-2
-3
-4
-6
-5
-4
-4
-4
-4
-3
-4
-5
-5
-4
-4
-4
-2
-2
-1
1
0
1
1
2
1
1
2
1
2
1
1
1
0
-2
-1
-2
-1
-1
-1
0
2
2
2
2
2
2
2
1
1
0
-1
0
1
0
2
3
2
2
2
2
2
2
2
1
0
0
0
-1
-2
-2
-2
-3
-3
-2
-1
-1
-1
0
1
0
-1
-2
-2
-3
-4
-3
-3
-4
-5
-5
-3
-3
-2
-2
-2
1
2
3
5
5
5
3
2
0
1
1
1
2
2
2
3
3
1
2
1
0
-3
-3
-3
-4
-2
-2
-1
-2
0
1
1
0
-1
-1
-1
-1
0
1
1
0
1
0
1
0
0
0
0
1
1
0
1
1
3
2
1
2
1
0
1
-1
0
0
1
1
-1
-2
-2
-1
1
0
1
0
-1
-1
0
0
-1
0
-2
-1
-3
-2
-1
0
0
0
0
-1
-2
-3
-2
-3
-3
-2
-1
0
0
1
1
4
5
6
5
5
4
3
2
0
0
-2
-3
-2
-1
0
1
2
4
3
3
3
4
3
1
0
-1
-1
-3
-2
-3
-2
-2
-2
0
1
1
0
0
-1
0
0
-2
0
-1
-1
-2
0
0
0
0
0
1
1
2
3
1
0
-1
-1
-2
-2
-2
-1
-3
-2
-2
-1
-1
-1
-1
-1
-1
-1
-1
0
-1
-1
0
0
0
0
0
-2
-1
1
3
3
2
2
1
3
2
1
1
0
-1
-1
-1
-2
-1
0
0
0
1
0
1
1
1
1
0
-1
0
-1
-2
-1
-1
-1
-1
0
2
2
2
2
2
1
-1
-1
-1
-1
-2
-2
-2
-2
-1
0
-1
0
1
0
-1
0
1
0
0
-1
-1
-1
-1
0
1
2
2
2
1
1
1
0
-1
-1
-1
-1
-1
-1
-1
-3
-2
-2
0
-1
0
0
0
0
0
-1
-1
-2
-1
-1
0
0
1
1
1
1
1
0
0
0
1
1
3
4
2
3
4
4
3
3
1
0
-1
-1
-2
-2
-1
-1
-1
-1
-1
0
-1
-1
-2
-3
-4
-5
-3
-4
-2
-2
-2
-1
0
-1
0
1
0
2
0
0
-1
-2
-2
-1
-2
0
0
1
1
1
-1
-1
0
1
1
2
2
1
3
3
3
4
2
2
3
1
0
1
1
2
2
2
2
2
1
1
0
0
0
-1
-1
-1
-1
-1
-2
-2
-1
-1
-1
-2
-1
1
1
1
-1
-1
-2
-4
-3
-6
-6
-6
-5
-4
-4
-3
-2
-1
-1
3
6
0
0
-2
-1
0
3
3
1
-1
-1
0
2
5
3
2
3
3
4
4
3
2
3
3
3
3
3
3
3
2
1
1
0
-1
-3
-2
-3
-3
-2
-1
-1
0
1
0
1
1
-1
-3
-3
-3
-4
-2
-1
-2
-1
0
1
1
1
1
1
1
2
2
2
1
1
0
-1
-2
0
-1
1
2
1
1
2
1
1
1
0
0
-1
-1
-3
-1
-1
0
0
-1
-2
-2
-2
-2
-3
-3
-2
-2
-2
-1
-1
0
0
1
1
0
0
0
0
0
0
0
-1
-1
0
-1
3
2
2
2
3
2
2
1
2
2
1
2
2
3
2
2
2
1
0
1
0
0
2
1
0
0
0
0
-2
-4
-3
-4
-4
-3
-2
-1
0
0
1
-1
-1
-1
-1
-2
-1
-2
-2
-1
-1
-1
-1
-2
-1
1
0
0
1
1
2
1
2
1
1
0
1
1
1
2
2
3
1
1
1
1
1
0
0
0
0
0
-1
-1
0
2
3
2
2
2
2
1
1
-1
-1
-1
-2
-2
-1
-2
-2
-3
-2
-2
-2
-3
-2
-3
-1
-1
-1
0
0
-1
-1
-2
-3
-2
-3
-2
-3
-1
-1
-1
0
1
1
1
0
0
1
1
0
2
2
3
3
3
3
2
2
1
0
-1
-2
-1
-1
0
1
0
1
-1
2
0
1
1
1
1
-1
-1
-1
-2
-2
-1
-2
-1
-1
-1
0
0
1
0
2
1
1
1
2
2
2
1
2
1
1
0
1
1
1
3
1
2
2
0
-2
-2
-4
-3
-2
-2
-1
0
0
0
-2
0
-1
-1
-1
-1
-1
-2
-1
-3
-1
-3
-1
-1
-1
0
-1
0
1
0
2
1
2
3
3
4
4
3
2
1
1
0
0
0
1
2
1
1
1
0
-1
0
0
-1
-2
-2
-1
-1
0
0
0
0
0
-1
0
-2
-3
-2
-3
-3
-3
-4
-2
0
0
1
2
3
2
2
2
2
2
2
1
2
3
0
0
-1
-1
-1
0
1
0
0
0
1
0
0
0
-1
0
0
0
1
0
-1
-2
-2
-2
0
-2
-2
-1
-1
0
0
1
0
0
-1
-1
0
0
1
1
1
2
3
4
2
1
2
2
2
1
0
0
0
0
1
1
2
0
-4
-6
-3
-1
-1
-2
2
7
3
0
1
3
4
0
-4
-7
-8
-8
-4
3
4
0
-2
-4
-4
-1
2
-4
-7
-5
1
6
12
7
1
-2
-8
-12
-6
0
-6
7
17
17
17
10
-14
-21
-1
-28
-35
22
6
-10
126
232
-102
-355
-149
180
226
110
-17
-182
-152
80
172
43
-122
-109
-32
97
96
-27
-96
9
91
13
-75
-47
24
30
2
6
11
15
9
7
-14
-34
-4
34
26
-30
-34
13
31
-2
-26
-5
10
0
-11
-12
-1
8
11
-3
-15
-10
6
4
-9
-11
-4
10
14
-1
-13
-2
15
11
-5
-11
-4
6
6
-2
-7
-4
1
4
2
-1
-1
3
4
-1
-5
-2
5
6
2
-3
-5
-3
0
4
4
2
-1
-2
-1
1
4
2
1
2
5
2
-1
-2
-2
-2
-1
2
1
-1
1
2
-1
-4
-4
-2
2
3
2
-4
-4
-1
1
0
-2
-4
-6
-2
2
-1
-5
-5
2
4
1
-1
-4
-4
2
5
4
1
-3
-3
-2
2
3
2
0
0
3
4
3
3
0
-1
1
2
1
1
1
2
5
7
7
6
4
3
2
1
2
0
-1
0
3
2
1
0
0
-2
-3
-5
-4
-5
-6
-4
-3
-1
-2
-4
-3
-2
-2
-1
2
2
0
1
3
2
-6
-4
-2
5
-3
-10
-2
3
4
-2
3
-1
1
1
2
1
0
1
3
4
-1
-4
-3
4
0
-3
-2
5
8
1
2
4
3
0
-1
0
-3
0
0
0
0
-2
-2
0
0
0
0
1
-1
-2
1
3
2
0
-2
-1
0
2
1
0
0
-1
1
3
1
-2
-2
0
-1
0
0
-1
-2
1
-1
-9
-2
4
1
-8
-4
0
1
0
0
-3
-1
3
3
-1
-2
0
2
4
0
-3
-2
3
-4
2
23
4
-31
-14
38
24
-29
-10
30
8
-29
-3
27
7
-10
-3
0
-11
1
15
3
-12
-10
-1
0
1
-4
-2
8
-1
-19
-9
17
13
-8
-6
5
-5
-9
7
10
-3
-3
1
-8
-11
6
13
2
-5
-1
0
2
11
9
0
-1
2
-4
-4
8
7
-4
-7
-1
-3
-3
8
9
-2
-7
0
0
-4
0
4
-1
-9
-8
-3
0
1
1
-3
-8
-6
-2
-1
0
-1
-3
-7
-3
2
4
1
1
0
-4
-3
1
4
3
1
0
0
2
4
4
4
4
3
-1
0
4
6
1
0
3
0
1
5
7
5
2
3
2
1
1
3
1
-2
-2
1
1
-2
-1
-1
-2
-3
-4
-6
-5
-3
-4
-6
-5
-3
-4
-3
-2
-3
-3
-1
-2
-2
-1
1
-1
-1
0
0
0
3
2
-1
0
2
2
2
2
3
1
1
1
3
4
2
2
2
3
1
2
3
3
3
0
-1
-1
0
0
0
1
0
1
0
0
0
1
1
0
-3
0
0
0
0
-1
-2
-2
-1
0
-1
-1
0
0
-3
-1
0
0
-1
-1
0
-2
-3
0
2
-3
-5
-3
-4
-6
-8
-6
-2
-4
-9
-9
-6
-5
-5
-3
-3
-4
-5
-3
-1
0
2
7
10
5
2
14
20
14
11
18
23
16
15
22
30
29
23
19
22
29
32
28
22
19
24
28
22
17
23
39
23
-12
-6
31
32
-9
-22
-6
-2
-22
-37
-23
-7
-23
-60
-72
-47
-33
-45
-49
-73
-89
-67
-46
-66
-75
-59
-55
-69
-90
-76
-36
-25
-73
-96
-69
-48
-63
-64
-57
-76
-82
-87
-80
-73
-73
-68
-79
-95
-94
-57
-17
-30
-58
-39
2
6
7
48
88
83
69
95
152
187
193
202
224
249
275
309
341
348
348
396
439
422
406
445
502
489
424
428
467
452
407
373
365
325
258
224
191
130
72
18
-67
-165
-219
-250
-319
-421
-514
-575
-629
-694
-757
-829
-879
-921
-982
-1019
-1021
-1022
-1052
-1072
-1055
-1028
-1008
-982
-948
-909
-842
-754
-706
-666
-567
-429
-352
-311
-217
-105
-26
75
222
285
283
381
549
617
621
783
975
994
945
990
1092
1266
1635
1780
1371
1066
1518
2085
1883
1502
1717
1968
1614
1238
1469
1765
1614
1270
968
706
618
727
628
239
-54
-235
-523
-795
-831
-854
-1078
-1352
-1634
-1906
-1945
-1778
-1828
-2128
-2210
-2101
-2204
-2356
-2140
-1813
-1847
-1999
-1893
-1691
-1563
-1330
-1034
-977
-995
-749
-439
-340
-189
189
395
305
356
668
886
958
1089
1154
1058
1059
1233
1293
1222
1240
1228
1039
921
1007
1031
893
803
716
517
399
476
492
291
109
40
-21
-102
-119
-79
-113
-194
-200
-190
-357
-389
261
916
361
-647
-160
1273
1336
342
531
1560
1380
487
756
1682
1745
1281
1116
949
730
997
1314
940
434
416
318
-139
-273
-43
-160
-586
-897
-1257
-1566
-1312
-985
-1484
-2174
-2054
-1813
-2238
-2451
-1916
-1750
-2341
-2562
-2158
-2000
-2037
-1685
-1420
-1705
-1799
-1282
-879
-851
-615
-228
-241
-342
59
596
748
803
1024
1097
1039
1292
1704
1789
1676
1718
1733
1598
1648
1883
1863
1584
1438
1386
1200
1071
1132
1065
714
416
328
227
49
-47
-122
-363
-646
-733
-688
-736
-820
-799
-837
-1048
-1062
-647
-374
-535
-474
34
113
-311
-4
1035
1278
619
626
1376
1490
1116
1419
1980
1768
1308
1403
1531
1346
1394
1560
1161
587
561
642
315
65
82
-235
-818
-1019
-997
-1239
-1450
-1450
-1764
-2341
-2439
-2145
-2236
-2588
-2567
-2441
-2693
-2899
-2566
-2170
-2207
-2310
-2122
-1912
-1827
-1549
-1074
-822
-825
-676
-313
-18
218
557
884
972
1014
1257
1599
1839
1941
2041
2086
2066
2095
2204
2310
2240
2089
1945
1780
1664
1605
1568
1367
1017
784
592
444
287
152
27
-330
-583
-765
-793
-813
-986
-1029
-1233
-1208
-1216
-1207
-996
-925
-781
-915
-488
68
-78
-346
-18
1118
1137
539
790
1606
1848
1186
1416
2016
2052
1699
1554
1767
1576
1573
1588
1302
913
774
836
443
81
-27
-153
-558
-969
-1153
-1358
-1517
-1719
-2003
-2371
-2487
-2461
-2625
-2835
-2891
-2774
-2886
-3031
-2934
-2658
-2519
-2587
-2447
-2177
-1948
-1814
-1516
-1131
-912
-720
-444
-53
218
496
817
1098
1285
1419
1732
2000
2137
2175
2309
2465
2442
2450
2505
2541
2408
2249
2156
2058
1944
1758
1556
1321
1103
839
611
464
293
50
-305
-474
-568
-750
-999
-1132
-988
-1104
-1318
-1403
-1262
-995
-1051
-1075
-1006
-386
125
-309
-669
-87
1149
1136
432
708
1519
1733
1116
1296
2001
2160
1779
1394
1559
1639
1689
1607
1296
998
760
714
445
151
-9
-170
-493
-1029
-1374
-1447
-1402
-1680
-2220
-2539
-2535
-2578
-2846
-2946
-2883
-2912
-3118
-3215
-3051
-2791
-2593
-2595
-2551
-2342
-2066
-1819
-1542
-1183
-925
-730
-490
-175
183
559
888
1091
1252
1482
1800
2086
2267
2377
2492
2574
2583
2647
2763
2779
2611
2445
2350
2216
2096
1964
1771
1470
1181
958
729
554
391
134
-248
-503
-559
-678
-958
-1160
-1207
-1241
-1348
-1461
-1384
-1306
-1278
-1253
-1153
-989
-754
-200
-4
-350
-443
379
1286
1027
643
1111
1786
1631
1234
1681
2254
2248
1748
1472
1632
1796
1804
1484
1202
1002
754
471
224
143
-77
-420
-832
-1243
-1546
-1623
-1579
-1925
-2489
-2724
-2660
-2808
-3072
-3024
-2925
-3107
-3357
-3332
-3081
-2808
-2689
-2720
-2620
-2317
-2054
-1841
-1469
-1052
-818
-657
-372
23
460
836
1105
1338
1540
1735
2043
2423
2581
2584
2718
2799
2737
2804
2988
2924
2642
2535
2437
2237
2102
1985
1747
1414
1171
898
646
494
271
-18
-321
-504
-714
-872
-936
-1171
-1389
-1449
-1382
-1398
-1487
-1453
-1365
-1235
-1219
-1183
-921
-472
12
-83
-474
-264
711
1357
935
698
1287
1781
1468
1257
1858
2325
2138
1608
1406
1650
1874
1789
1375
1099
948
695
379
183
169
-62
-530
-1028
-1397
-1561
-1545
-1594
-2067
-2623
-2759
-2706
-2934
-3140
-2949
-2860
-3209
-3477
-3284
-2945
-2738
-2668
-2644
-2510
-2239
-1947
-1669
-1304
-942
-734
-594
-290
169
590
904
1137
1324
1490
1750
2137
2443
2513
2531
2675
2743
2701
2806
2986
2886
2590
2451
2394
2249
2122
2005
1694
1333
1128
925
664
506
360
-6
-367
-527
-633
-770
-911
-1084
-1247
-1292
-1324
-1367
-1327
-1218
-1189
-1249
-1237
-1046
-682
-280
-42
-180
-420
-124
693
1131
886
880
1386
1524
1183
1303
1966
2287
1958
1443
1293
1595
1841
1623
1227
1070
896
446
117
161
197
-168
-746
-1222
-1500
-1569
-1544
-1703
-2190
-2622
-2738
-2815
-3017
-3015
-2766
-2843
-3274
-3467
-3222
-2806
-2556
-2574
-2654
-2459
-2120
-1918
-1667
-1203
-776
-686
-674
-357
214
720
958
1052
1227
1507
1773
2073
2380
2527
2541
2589
2618
2664
2881
3035
2857
2529
2431
2410
2274
2152
2052
1766
1391
1106
868
727
649
472
6
-331
-395
-511
-752
-763
-763
-1105
-1337
-1338
-1193
-1124
-1128
-1191
-1243
-1215
-1106
-930
-491
29
-91
-612
-497
475
1097
873
695
1120
1389
1121
1115
1699
2151
1975
1486
1173
1306
1639
1697
1351
1000
822
534
184
96
207
17
-520
-1053
-1412
-1556
-1486
-1466
-1890
-2461
-2639
-2626
-2832
-2929
-2649
-2541
-2957
-3371
-3230
-2742
-2370
-2351
-2517
-2495
-2208
-1907
-1694
-1329
-885
-702
-776
-660
-107
540
863
888
954
1193
1489
1802
2111
2285
2320
2334
2345
2361
2555
2846
2809
2432
2202
2246
2251
2143
2047
1820
1432
1165
1033
877
765
701
360
-82
-183
-120
-309
-539
-554
-704
-984
-1100
-927
-810
-930
-1041
-1109
-1055
-880
-385
84
-182
-637
-366
514
764
502
731
1142
1115
749
869
1392
1780
1744
1198
875
1106
1452
1265
878
955
926
368
-198
-49
265
-38
-609
-1014
-1244
-1448
-1423
-1407
-1773
-2157
-2283
-2423
-2711
-2683
-2347
-2348
-2733
-3027
-2940
-2632
-2348
-2230
-2324
-2301
-2078
-1911
-1781
-1411
-900
-742
-868
-781
-280
284
530
632
796
1003
1204
1459
1780
2007
2118
2114
2083
2153
2393
2639
2562
2321
2208
2200
2131
2075
2079
1923
1605
1241
1101
1143
1022
764
508
289
93
-39
-218
-295
-265
-467
-775
-951
-883
-670
-622
-844
-1012
-913
-763
-406
134
24
-580
-477
405
830
501
501
1036
1214
754
635
1209
1678
1657
1221
786
873
1315
1330
855
710
856
485
-180
-227
184
77
-518
-942
-1183
-1387
-1386
-1304
-1607
-2073
-2197
-2232
-2560
-2727
-2334
-2177
-2716
-3102
-2829
-2579
-2496
-2330
-2341
-2316
-2167
-2046
-1912
-1502
-1027
-909
-1018
-940
-430
106
310
409
659
897
1019
1229
1611
1928
1954
1963
2025
2110
2282
2569
2602
2297
2204
2323
2306
2111
2150
2142
1841
1488
1264
1235
1200
1210
813
364
296
322
137
-257
-59
-193
-609
-847
-883
-516
-699
-794
-1026
-1055
-842
-570
361
-68
-882
-659
387
814
-8
407
983
944
438
306
1186
1434
1561
1050
497
734
1165
1334
624
625
916
434
-217
-212
412
195
-435
-814
-1084
-1294
-1196
-1030
-1470
-1998
-2024
-2025
-2541
-2588
-2043
-1930
-2605
-3048
-2698
-2468
-2246
-2213
-2303
-2313
-2163
-1911
-1897
-1551
-1125
-928
-1049
-1089
-554
-1
316
321
430
685
836
1118
1458
1747
1773
1870
1944
1890
2111
2491
2576
2169
2106
2283
2236
2114
2135
2140
1808
1591
1446
1344
1315
1262
1061
520
252
320
309
-9
-317
-192
-411
-757
-890
-581
-562
-886
-952
-1028
-928
-245
506
-262
-1213
-547
729
679
-104
309
1064
817
182
362
1104
1428
1400
726
245
796
1465
1142
366
723
1059
299
-382
54
630
81
-493
-754
-1043
-1158
-905
-844
-1590
-1916
-1691
-1881
-2490
-2351
-1667
-1971
-2682
-2841
-2554
-2311
-2201
-2193
-2341
-2274
-2141
-2041
-1879
-1475
-1069
-1135
-1299
-1099
-523
-70
48
110
321
510
589
979
1466
1563
1525
1651
1788
1781
2103
2558
2385
2021
2151
2327
2160
2162
2349
2190
1746
1569
1588
1486
1313
1361
1041
464
499
560
322
-21
-75
-117
-468
-540
-539
-473
-539
-697
-790
-944
-847
-555
351
17
-1094
-824
205
686
71
204
788
753
315
273
918
1253
1520
1070
293
520
1225
1414
620
539
1035
534
-245
-145
588
332
-326
-615
-964
-1176
-1005
-659
-1305
-1910
-1711
-1811
-2378
-2476
-1786
-1866
-2517
-2838
-2743
-2501
-2267
-2115
-2409
-2410
-2202
-2173
-2084
-1642
-1190
-1196
-1330
-1281
-809
-232
69
70
146
447
630
809
1284
1659
1574
1538
1703
1785
2009
2431
2500
2110
2027
2284
2214
2195
2298
2269
1926
1698
1619
1511
1615
1509
1191
782
752
582
428
351
171
-66
-304
-333
-498
-653
-602
-417
-807
-1056
-1062
-153
537
-616
-1405
-391
860
242
-364
419
1089
387
-164
573
1016
1147
1300
596
47
749
1493
1030
227
787
1084
147
-336
317
663
19
-388
-669
-1046
-1099
-640
-815
-1729
-1831
-1541
-1983
-2551
-2144
-1623
-2093
-2842
-2738
-2421
-2359
-2250
-2377
-2397
-2262
-2186
-2194
-1937
-1535
-1278
-1293
-1515
-1168
-546
-195
-169
-115
264
480
493
885
1457
1507
1419
1658
1776
1794
2250
2600
2255
2003
2347
2458
2074
2290
2531
2086
1827
1769
1658
1624
1564
1334
1058
750
662
582
243
47
202
-93
-524
-506
-470
-351
-778
-771
-664
-938
148
336
-894
-1115
-46
842
81
-223
424
893
382
-133
676
1000
1207
1095
245
206
1060
1608
590
131
1086
925
-107
-290
625
611
-251
-506
-686
-928
-881
-551
-1038
-1756
-1560
-1529
-2094
-2303
-1818
-1659
-2199
-2745
-2750
-2347
-2027
-2233
-2546
-2397
-2212
-2240
-2189
-1875
-1581
-1371
-1458
-1701
-1252
-454
-209
-534
-394
272
343
228
822
1393
1198
1206
1602
1549
1709
2358
2402
1969
1952
2362
2429
2133
2294
2439
2105
1837
1884
1669
1718
1741
1366
1065
912
785
716
595
-51
242
186
-168
-371
-285
-273
-600
-575
-748
-196
609
-189
-1362
-647
745
717
-382
5
836
568
-63
287
906
1037
1218
606
9
465
1384
1228
264
375
918
380
-319
49
543
141
-340
-704
-1049
-1017
-619
-731
-1560
-1789
-1533
-1727
-2311
-2123
-1694
-1893
-2478
-2876
-2589
-2088
-1995
-2507
-2506
-2293
-2308
-2187
-1938
-1702
-1504
-1345
-1532
-1543
-881
-163
-214
-568
-119
400
294
562
1186
1319
1064
1421
1599
1513
1974
2452
2202
1747
2097
2319
2237
2191
2277
2162
1880
1793
1832
1768
1605
1718
1312
843
859
1068
744
247
261
469
57
-426
-159
-59
-315
-725
-661
-626
386
246
-1049
-947
74
710
-118
-210
473
700
149
20
622
927
1223
901
77
260
1096
1293
533
259
887
600
-189
-146
470
341
-175
-501
-893
-992
-684
-522
-1288
-1688
-1397
-1595
-2160
-2129
-1704
-1824
-2203
-2680
-2701
-2261
-1985
-2236
-2580
-2268
-2146
-2322
-2091
-1688
-1540
-1509
-1464
-1560
-1214
-486
-235
-530
-438
194
271
233
831
1303
1053
1105
1476
1512
1716
2196
2263
1853
1944
2338
2215
2112
2388
2361
2011
1850
1826
1747
1865
1637
1349
1042
971
976
751
355
225
459
13
-428
-222
129
-329
-706
-565
-555
-471
534
14
-1015
-627
275
639
-131
43
658
721
-91
105
881
992
1161
746
80
360
1255
1197
304
397
1124
422
-427
-1
699
252
-376
-609
-870
-965
-779
-683
-1398
-1607
-1458
-1839
-2245
-2007
-1630
-1847
-2282
-2713
-2597
-2121
-1990
-2266
-2408
-2188
-2236
-2281
-1913
-1663
-1501
-1348
-1490
-1622
-1036
-304
-285
-548
-281
233
176
247
954
1223
955
1176
1386
1363
1802
2264
2054
1758
2020
2312
2172
2082
2485
2420
1811
1969
1921
1760
1881
1747
1299
1069
1108
744
844
404
278
436
-170
-418
94
-196
-612
-554
-340
-941
-249
891
-688
-1254
-369
775
344
-416
124
849
494
-293
406
1004
895
1067
515
64
700
1342
982
179
701
1064
153
-246
422
639
1
-310
-543
-882
-821
-488
-789
-1576
-1494
-1369
-1894
-2128
-1798
-1702
-2041
-2338
-2710
-2464
-2014
-2122
-2440
-2426
-2191
-2369
-2255
-1864
-1660
-1665
-1515
-1539
-1592
-917
-362
-502
-621
-162
179
111
427
1043
1046
962
1304
1386
1447
1951
2208
1922
1787
2118
2325
2113
2137
2446
2186
1875
1928
1858
1904
1837
1542
1411
1059
858
1152
640
284
523
148
-131
-53
-68
-324
-239
-390
-808
-394
727
266
-1063
-750
467
755
-91
-194
683
818
-163
39
865
842
1013
808
45
185
1142
1213
221
286
956
421
-393
-63
532
101
-375
-513
-929
-1073
-606
-565
-1385
-1613
-1282
-1680
-2075
-1857
-1596
-1835
-2242
-2441
-2626
-2237
-1895
-2307
-2542
-2189
-2212
-2444
-1964
-1624
-1688
-1574
-1448
-1551
-1193
-558
-321
-553
-475
100
204
202
797
1234
910
1054
1531
1422
1644
2262
2163
1768
1957
2355
2218
2057
2400
2348
1916
1819
1914
2001
1562
1711
1653
725
965
1336
777
179
596
335
-177
49
10
-304
-198
-405
-726
-608
183
560
-604
-849
-392
618
370
-312
246
838
357
-366
461
888
974
1041
339
-83
658
1385
733
23
697
979
-85
-458
393
623
-123
-396
-623
-1006
-847
-447
-878
-1591
-1382
-1409
-2005
-2076
-1622
-1625
-2035
-2359
-2455
-2423
-2013
-1908
-2412
-2276
-2042
-2315
-2232
-1662
-1551
-1576
-1455
-1599
-1423
-931
-482
-418
-579
-238
187
67
375
1153
1146
868
1213
1491
1418
1848
2189
1882
1689
2116
2194
1992
2202
2410
2104
1754
1824
1863
1754
1637
1590
1351
948
981
1033
530
671
482
56
8
-31
-119
-97
-121
-640
-498
-559
-43
694
-406
-1036
-255
544
229
-218
391
724
246
-108
523
796
809
1225
567
-74
536
1278
827
107
634
940
35
-469
246
596
-17
-348
-602
-895
-824
-574
-775
-1389
-1380
-1413
-1900
-2076
-1698
-1587
-1996
-2387
-2649
-2231
-2045
-2218
-2248
-2248
-2155
-2273
-2226
-1810
-1494
-1592
-1474
-1506
-1509
-826
-413
-533
-566
-164
131
30
310
1058
1067
806
1129
1311
1449
1786
2073
1901
1731
2018
2226
1975
2086
2414
2130
1895
1707
1888
2060
1586
1451
1627
1041
1042
1134
777
666
314
310
317
56
-276
62
54
-577
-656
-442
-264
543
23
-1079
-698
454
479
-227
141
567
449
-144
130
736
740
1019
717
-87
145
1027
1054
221
235
848
322
-524
-147
559
133
-396
-623
-893
-900
-685
-641
-1171
-1494
-1346
-1608
-1975
-1763
-1456
-1722
-2125
-2497
-2347
-1843
-1903
-2170
-2185
-2087
-2136
-2085
-1806
-1526
-1473
-1407
-1432
-1527
-988
-376
-389
-600
-279
104
89
175
807
1141
815
921
1231
1341
1571
1953
1920
1691
1701
2075
2188
1958
2136
2232
2004
1579
1778
2006
1694
1552
1603
819
1030
1294
547
680
635
90
26
393
-253
-157
254
-347
-707
-342
-523
-190
838
-376
-1152
-289
526
97
-167
306
553
256
-149
322
629
839
1003
471
-49
372
1103
926
185
436
877
121
-492
66
617
106
-454
-654
-779
-866
-652
-630
-1237
-1398
-1359
-1681
-1954
-1697
-1406
-1767
-2296
-2495
-2157
-1949
-1950
-2064
-2173
-2090
-2124
-2029
-1756
-1471
-1386
-1325
-1465
-1452
-829
-389
-434
-506
-213
79
102
297
911
1103
831
1041
1296
1443
1696
1999
1886
1679
1838
2027
2027
1956
2055
2135
1732
1359
1757
1882
1553
1402
1413
802
1093
923
601
692
439
305
182
19
-421
266
-70
-690
-320
-286
-797
-83
859
-193
-1182
-339
563
418
7
261
683
408
-28
362
890
969
989
574
65
384
1135
909
268
475
775
-27
-469
156
467
-82
-457
-590
-962
-1046
-654
-629
-1341
-1468
-1371
-1782
-1962
-1656
-1416
-1763
-2202
-2426
-2235
-1853
-1762
-2104
-2156
-2009
-2152
-2021
-1663
-1451
-1381
-1376
-1568
-1434
-894
-429
-361
-480
-311
34
95
322
884
1061
842
932
1282
1285
1682
2074
1746
1633
1832
1953
1913
1933
2303
2093
1433
1646
2099
1561
1446
1762
1215
1064
896
677
1290
713
302
459
205
-26
59
401
-219
-214
-198
-477
-680
247
672
-507
-736
-229
410
184
-51
296
651
200
-130
388
635
852
934
324
-160
449
1023
562
122
573
643
-204
-475
138
400
-79
-473
-725
-937
-922
-652
-817
-1314
-1271
-1516
-1940
-1882
-1565
-1508
-1777
-2250
-2423
-2173
-1950
-1780
-2002
-2033
-1982
-2176
-1981
-1507
-1400
-1306
-1224
-1502
-1291
-760
-394
-224
-335
-218
93
193
405
969
1161
944
1001
1242
1404
1643
2004
1973
1590
1784
1952
1883
2098
2208
2006
1624
1723
1811
1513
1548
1881
1217
807
894
987
933
671
384
286
132
-134
249
-140
-164
-178
-379
-569
-764
-49
593
-353
-1103
-198
297
173
-210
249
653
264
-122
205
596
873
1036
324
-32
473
1019
593
226
567
663
-2
-418
-1
358
61
-424
-685
-888
-851
-625
-753
-1194
-1299
-1345
-1662
-1858
-1648
-1398
-1584
-2142
-2383
-2134
-1902
-1758
-1918
-2028
-1925
-2064
-1992
-1600
-1392
-1307
-1241
-1451
-1362
-795
-479
-348
-315
-243
-2
126
354
825
1043
896
981
1177
1241
1560
1962
1885
1539
1727
1962
1873
1967
2163
2042
1735
1558
1719
1729
1507
1737
1294
1073
845
660
1136
788
267
417
162
-51
173
66
-149
-165
-359
-548
-463
-14
577
-323
-975
-329
464
211
-142
178
569
281
-112
269
626
808
904
336
-106
488
933
537
173
499
574
-88
-404
80
343
-44
-413
-686
-832
-754
-622
-762
-1140
-1176
-1370
-1733
-1728
-1480
-1412
-1597
-2021
-2331
-2067
-1758
-1792
-1907
-1915
-1920
-2075
-1993
-1531
-1350
-1373
-1320
-1433
-1353
-821
-522
-490
-364
-276
-101
70
240
762
1049
789
793
1097
1313
1566
1792
1734
1646
1723
1797
1954
2044
2074
2036
1798
1618
1628
1772
1821
1675
1293
993
874
946
929
507
477
596
52
-173
286
171
-252
-359
-195
-266
-405
213
358
-427
-561
-34
314
232
-9
276
551
88
-94
367
685
787
523
96
164
547
621
289
294
611
285
-325
-205
286
176
-228
-450
-585
-792
-734
-621
-900
-1097
-1074
-1449
-1869
-1555
-1392
-1577
-1773
-2092
-2210
-1980
-1866
-1987
-1882
-1798
-1920
-2234
-2045
-1389
-1245
-1372
-1443
-1372
-1115
-781
-637
-453
-236
-140
-105
-113
358
1001
947
665
965
1211
1326
1570
1782
1806
1773
1734
1834
2039
1915
2200
2054
1654
1632
1865
1639
1728
1723
990
1071
1067
818
930
722
324
385
200
-196
238
124
-351
-366
-270
-505
-309
410
-134
-739
-315
113
74
105
188
334
448
35
66
485
821
844
441
43
273
812
583
170
368
716
51
-451
-41
338
43
-371
-516
-688
-748
-730
-679
-998
-1099
-1192
-1496
-1753
-1596
-1340
-1596
-1826
-2140
-2175
-1952
-1777
-2036
-2003
-1732
-1979
-2119
-1899
-1422
-1297
-1285
-1408
-1397
-965
-629
-562
-472
-197
-86
-2
45
445
1020
925
807
984
1213
1468
1666
1790
1765
1841
1796
1774
2010
2176
2133
1840
1640
1880
1707
1213
1916
1642
684
1155
839
604
951
381
119
391
33
-69
234
-123
-536
-165
96
-644
-197
728
-299
-925
38
340
64
198
228
290
320
98
190
632
888
693
185
148
658
769
419
344
651
503
-152
-165
353
298
-129
-313
-508
-693
-686
-663
-763
-999
-1180
-1454
-1721
-1590
-1396
-1574
-1799
-1986
-2213
-2108
-1871
-1890
-2057
-1922
-1913
-2160
-2043
-1677
-1440
-1430
-1458
-1521
-1316
-885
-691
-621
-422
-270
-176
27
221
640
929
841
859
1117
1302
1477
1834
1837
1605
1738
2041
1900
1929
2145
2159
1817
1534
1969
1912
1431
1669
1608
912
1061
1009
739
873
548
180
271
180
-2
7
-288
-272
-103
-363
-75
265
-371
-645
-76
294
176
13
113
472
319
-15
259
642
863
622
109
195
715
620
328
377
583
341
-173
-107
282
174
-199
-347
-557
-723
-701
-613
-819
-1174
-1210
-1274
-1691
-1707
-1417
-1503
-1775
-2048
-2145
-1973
-1849
-1916
-2052
-1993
-1828
-2076
-2000
-1588
-1538
-1490
-1396
-1497
-1229
-814
-868
-640
-331
-370
-172
98
208
574
865
778
850
1138
1445
1464
1563
1791
1684
1766
1866
1888
1992
2126
1909
1793
1824
1820
1683
1549
1915
1311
1077
1314
999
680
874
580
387
383
-22
103
-26
-424
-265
-141
-662
-215
559
-386
-933
-186
325
193
9
129
403
339
-13
223
633
881
704
218
137
573
804
646
339
400
614
60
-274
203
409
-24
-367
-569
-719
-660
-605
-772
-1145
-1211
-1305
-1586
-1664
-1541
-1425
-1729
-2041
-2173
-2043
-1875
-1801
-2035
-2155
-1924
-1935
-1980
-1721
-1538
-1517
-1387
-1434
-1288
-845
-739
-653
-414
-328
-142
73
251
535
729
760
955
1145
1288
1479
1645
1714
1675
1727
1923
1908
1951
1924
1936
2028
1457
1573
2025
1320
1275
1657
884
947
1018
555
719
585
442
201
29
146
14
-94
-187
-248
-355
22
624
-434
-766
9
304
266
85
153
400
466
-25
245
784
949
679
150
202
745
858
439
371
547
553
-86
-209
332
363
-87
-379
-564
-704
-595
-596
-788
-1097
-1090
-1315
-1733
-1629
-1350
-1433
-1830
-2040
-2159
-1994
-1846
-1956
-1985
-2044
-1994
-1986
-1974
-1695
-1517
-1524
-1517
-1426
-1290
-970
-712
-607
-514
-419
-139
62
226
440
766
861
839
1036
1234
1464
1655
1684
1569
1714
1912
1915
1768
2061
2008
1576
1756
1729
1705
1493
1496
1287
1082
1122
757
821
683
491
479
247
4
281
133
-257
-209
-60
-149
103
485
-521
-542
205
453
267
56
325
438
361
78
446
778
869
637
161
279
752
807
377
375
514
359
-150
-92
308
143
-237
-468
-601
-780
-620
-646
-918
-1201
-1279
-1434
-1611
-1573
-1581
-1554
-1874
-2129
-2211
-1994
-1906
-1947
-2032
-2221
-1954
-2084
-1904
-1533
-1611
-1595
-1377
-1378
-1218
-683
-653
-600
-408
-273
-83
269
398
550
853
746
825
1232
1408
1390
1651
1669
1538
1653
1927
1925
1884
1884
1780
1904
1672
1559
1767
1579
1517
1248
878
1423
810
639
951
201
437
467
-74
142
172
-183
-381
-405
81
363
131
-741
-379
386
224
218
143
360
444
230
103
366
799
1027
504
-119
352
998
672
236
448
702
344
-211
-15
412
246
-157
-529
-684
-566
-609
-767
-1024
-1088
-1213
-1649
-1797
-1560
-1461
-1641
-1984
-2283
-2120
-1892
-1974
-2082
-1925
-2068
-2057
-2066
-1884
-1479
-1575
-1501
-1509
-1443
-1059
-731
-765
-525
-275
-395
-81
306
410
655
911
751
920
1367
1421
1519
1699
1773
1543
1801
1984
1936
1885
1949
1835
1794
1673
1469
1816
1456
1371
1246
1139
820
777
732
769
323
174
482
-11
-164
50
40
-429
-335
-28
449
-113
-796
-187
436
284
43
143
407
478
179
166
672
887
875
346
78
679
953
591
225
546
666
178
-256
203
467
31
-349
-513
-557
-590
-557
-812
-1006
-1127
-1314
-1591
-1675
-1416
-1498
-1792
-2073
-2178
-2093
-1881
-1970
-2041
-1907
-2061
-2116
-1994
-1651
-1519
-1553
-1517
-1476
-1271
-978
-789
-605
-371
-497
-344
103
286
411
686
780
761
972
1186
1447
1508
1629
1624
1522
1703
1945
1903
1950
1749
1634
1842
1615
1680
1397
1501
1475
1082
822
1011
870
728
709
284
499
180
218
121
17
-259
-77
-91
334
308
-758
-342
346
411
29
106
338
482
232
116
402
730
945
523
-5
351
885
632
289
376
558
376
-217
-100
339
247
-229
-575
-640
-555
-552
-768
-941
-1096
-1130
-1529
-1734
-1451
-1372
-1569
-1903
-2161
-2091
-1780
-1926
-1943
-1843
-1963
-2051
-2019
-1722
-1551
-1405
-1485
-1454
-1384
-1136
-756
-646
-553
-474
-315
-160
72
351
631
740
650
702
1112
1389
1329
1470
1677
1543
1474
1828
1869
1835
1873
1775
1657
1395
1612
1816
1304
1308
1259
957
949
673
761
856
639
339
264
162
269
395
-66
-195
332
571
208
-560
-122
681
423
113
180
531
471
55
241
668
656
705
311
2
402
835
463
78
351
442
49
-266
34
259
-28
-413
-612
-634
-571
-607
-832
-1025
-1120
-1152
-1547
-1735
-1376
-1370
-1690
-2006
-2122
-1989
-1728
-1893
-2108
-1950
-1864
-2067
-1886
-1632
-1610
-1449
-1511
-1391
-1249
-989
-732
-671
-585
-352
-248
-163
248
396
484
642
809
835
1018
1307
1418
1499
1430
1467
1644
1869
1716
1711
1843
1628
1750
1541
1518
1667
1407
1187
1357
1116
622
969
913
609
398
721
324
109
361
181
138
-113
361
590
126
-537
63
534
520
131
69
761
360
-24
256
896
766
601
253
220
600
655
530
275
467
431
-63
-287
213
281
-190
-491
-605
-658
-735
-725
-840
-1092
-1217
-1415
-1544
-1605
-1570
-1437
-1701
-2022
-2093
-1986
-1879
-1760
-1963
-2079
-1914
-1988
-1924
-1667
-1526
-1492
-1447
-1466
-1361
-987
-662
-591
-634
-464
-166
-55
137
473
691
713
724
850
1179
1446
1480
1509
1580
1514
1646
1843
1867
1746
1729
1779
1637
1375
1554
1969
1196
996
1258
1142
671
1075
849
156
637
695
141
1
424
125
-55
33
355
561
-261
-396
418
636
242
164
373
635
376
82
554
858
799
527
179
330
812
701
369
304
469
362
-104
-96
265
199
-302
-549
-606
-615
-668
-773
-961
-1175
-1238
-1558
-1642
-1548
-1510
-1645
-1936
-2169
-2096
-1862
-1989
-2069
-1942
-1925
-2203
-2104
-1756
-1598
-1631
-1576
-1507
-1461
-1125
-946
-770
-496
-480
-489
-167
145
241
545
739
720
745
1065
1254
1391
1637
1547
1512
1611
1857
1852
1739
1948
1821
1708
1588
1748
1467
1575
1637
991
1127
1013
859
798
740
553
523
324
131
200
253
42
-230
222
675
264
-640
29
666
395
251
218
572
467
195
232
649
765
695
320
47
391
715
566
193
223
353
157
-256
-93
253
43
-443
-697
-601
-596
-643
-783
-1004
-1148
-1277
-1517
-1431
-1441
-1640
-1533
-1904
-2137
-1933
-1803
-1840
-1918
-2004
-1942
-1939
-1927
-1586
-1608
-1567
-1294
-1446
-1420
-944
-798
-702
-490
-549
-361
-10
62
242
621
649
593
825
1099
1162
1272
1596
1477
1331
1627
1790
1714
1903
1703
1666
1729
1542
1428
1469
1676
1121
1031
1307
839
636
1066
536
523
779
104
5
525
65
-222
254
680
198
-412
-56
429
513
306
270
370
473
253
335
617
826
651
539
237
274
748
770
381
244
404
243
-6
-29
331
243
-278
-572
-531
-485
-538
-634
-920
-1043
-1188
-1566
-1520
-1313
-1428
-1687
-1901
-2081
-2046
-1848
-1898
-2031
-2053
-1957
-2135
-2011
-1728
-1621
-1572
-1644
-1510
-1381
-1193
-878
-664
-772
-625
-428
-234
85
169
410
643
536
655
1049
1312
1280
1352
1501
1463
1609
1705
1800
1834
1823
1430
1695
1742
1458
1509
1474
1420
1146
1104
562
961
1204
441
227
736
575
-15
205
106
298
406
656
259
-309
253
582
676
349
265
610
850
60
17
893
1110
686
7
262
756
813
345
380
562
502
108
-269
179
471
82
-570
-593
-445
-525
-757
-835
-892
-1183
-1270
-1587
-1640
-1342
-1427
-1789
-2065
-2142
-1999
-1770
-1974
-2097
-2045
-1984
-2127
-2218
-1669
-1491
-1775
-1702
-1554
-1508
-1078
-954
-932
-573
-550
-573
-224
143
336
471
483
612
822
1084
1214
1282
1563
1588
1284
1561
1991
1808
1808
2027
1519
1739
1947
1469
1512
1708
1545
1034
872
921
1042
447
703
662
402
47
-63
504
365
-152
33
1106
180
-560
228
884
578
274
407
616
560
163
486
954
840
509
351
488
613
550
650
676
372
203
143
83
262
198
-90
-352
-567
-669
-667
-670
-750
-1048
-1401
-1478
-1553
-1569
-1533
-1595
-1841
-2064
-2225
-2088
-1907
-1923
-1957
-2141
-2126
-2139
-1926
-1675
-1590
-1686
-1659
-1475
-1403
-1101
-826
-648
-725
-673
-368
-32
145
333
561
529
644
858
1156
1344
1440
1444
1455
1515
1708
1845
1844
1808
1898
1505
1533
1913
1647
1504
1287
1384
1036
956
868
775
831
649
243
128
689
265
-368
134
619
476
373
-376
-115
793
639
390
334
682
722
445
244
656
1251
985
365
90
688
1064
528
258
507
598
167
-255
-10
415
227
-389
-698
-585
-397
-590
-884
-913
-963
-1301
-1577
-1457
-1510
-1486
-1622
-2022
-2161
-2067
-1858
-1919
-2083
-2127
-2059
-2100
-2074
-1768
-1688
-1704
-1622
-1582
-1487
-1164
-940
-918
-736
-602
-563
-307
79
135
275
557
548
682
1035
1203
1250
1457
1464
1430
1616
1829
1822
1731
1884
1833
1521
1593
1862
1689
1379
1327
1246
1038
910
785
728
698
544
266
306
135
66
304
88
419
793
-4
-357
338
756
785
336
345
645
593
193
492
1154
949
521
175
491
786
784
592
507
485
271
-12
59
430
217
-190
-420
-557
-639
-527
-573
-830
-1144
-1241
-1416
-1641
-1389
-1415
-1664
-1901
-2161
-2219
-1907
-1816
-2032
-2107
-2120
-2160
-2236
-1951
-1575
-1799
-1504
-1555
-2024
-1267
-842
-941
-604
-640
-918
-189
48
-57
484
667
481
507
905
1175
1414
1605
1436
1223
1632
1910
1668
1940
1901
1647
1676
1678
1391
1727
1715
1393
915
972
1084
710
810
831
456
161
593
-2
127
136
123
38
706
212
-597
75
640
578
228
320
498
745
274
292
823
1207
801
316
410
891
939
667
600
594
566
272
51
319
521
182
-340
-500
-361
-415
-604
-620
-789
-1099
-1226
-1509
-1485
-1280
-1448
-1762
-2018
-2172
-2072
-1927
-1986
-2078
-2278
-2229
-2275
-2293
-1794
-1699
-1983
-1820
-1792
-1664
-1149
-1009
-1008
-772
-715
-642
-258
101
276
343
468
499
717
1128
1271
1261
1482
1492
1407
1698
1863
1814
1910
1960
1654
1663
1843
1842
1635
1457
1517
1124
1111
1141
739
874
758
162
593
445
-114
318
172
-118
232
648
128
-335
10
627
611
205
242
625
631
166
240
840
1141
587
199
436
811
757
509
537
616
544
106
-16
243
462
83
-430
-485
-411
-515
-717
-740
-875
-1105
-1279
-1448
-1629
-1371
-1401
-1752
-1974
-2091
-2014
-1857
-1950
-2191
-1958
-2027
-2320
-2197
-1734
-1591
-1831
-1785
-1689
-1449
-1163
-1066
-954
-602
-530
-680
-270
175
327
417
518
606
841
1128
1255
1394
1552
1558
1439
1743
1919
1793
1990
2113
1623
1720
1848
1728
1714
1513
1443
1105
1161
937
557
734
754
207
415
304
-170
10
250
-159
115
726
58
-567
22
580
543
306
138
489
502
287
212
796
1025
650
221
333
754
782
648
563
457
436
227
26
276
417
97
-359
-481
-443
-488
-584
-637
-880
-1160
-1212
-1478
-1463
-1306
-1479
-1708
-1975
-2116
-2001
-1812
-1953
-2105
-2166
-2107
-2222
-2016
-1644
-1915
-1781
-1732
-1657
-1218
-1235
-1123
-693
-706
-719
-326
-138
111
332
360
548
706
930
1109
1217
1443
1502
1450
1587
1788
1884
1840
1858
1790
1888
1766
1712
1846
1629
1342
1381
1586
705
948
998
620
389
314
387
193
-5
-194
87
-296
-228
325
653
-419
-560
382
503
289
165
476
579
300
-9
492
968
767
547
272
374
748
718
589
653
573
394
191
201
488
374
63
-219
-405
-490
-420
-515
-689
-899
-1175
-1310
-1438
-1437
-1388
-1515
-1604
-1955
-2440
-1898
-1686
-1996
-2002
-2140
-2286
-2068
-1945
-1939
-1659
-1670
-1750
-1693
-1507
-1111
-906
-808
-691
-696
-529
-149
173
327
491
561
666
830
1175
1399
1468
1623
1545
1541
1768
1920
1954
1961
1805
1875
1807
1698
1689
1742
1664
1133
1109
1256
1032
533
732
1208
58
29
385
122
-22
-289
-221
96
399
50
-551
-474
249
468
245
-127
311
755
414
-110
409
1137
914
429
135
574
1006
695
344
457
656
443
29
1
420
429
-129
-444
-388
-323
-449
-623
-758
-885
-1061
-1353
-1509
-1404
-1343
-1581
-1917
-2098
-2086
-1902
-1958
-2079
-2110
-2041
-2239
-2057
-1750
-1905
-1603
-1631
-1696
-1396
-1246
-1123
-687
-667
-784
-405
-187
-41
211
476
559
628
799
1013
1164
1459
1441
1390
1641
1719
1649
1869
2012
1783
1929
1605
1807
1884
1595
1623
1470
1413
1038
786
1107
858
294
514
280
318
-53
-57
-79
-177
-330
-349
417
209
-532
-491
226
270
374
149
342
525
334
227
569
927
833
733
281
514
789
764
667
555
588
386
124
162
399
298
-14
-313
-462
-458
-489
-536
-717
-970
-1178
-1339
-1471
-1422
-1396
-1551
-1831
-1988
-2029
-2207
-1844
-1847
-2093
-2117
-2239
-2097
-1877
-1774
-1757
-1551
-1522
-1567
-1476
-977
-578
-764
-642
-357
-281
-87
323
419
634
799
676
778
1340
1546
1333
1537
1611
1551
1711
1852
1920
1949
1750
1713
1602
1884
1598
1281
1699
1419
734
1056
986
634
562
465
374
190
19
-37
100
-222
-379
-165
12
125
-100
-579
-91
164
262
125
198
414
421
205
266
768
988
803
411
439
812
861
641
711
714
607
228
141
415
484
166
-217
-296
-388
-479
-530
-559
-794
-983
-1248
-1534
-1349
-1327
-1480
-1689
-1914
-2122
-2001
-1904
-1967
-2031
-2055
-2081
-2255
-2129
-1821
-1669
-1623
-1675
-1762
-1443
-1091
-999
-846
-611
-541
-417
-234
51
425
586
582
653
869
1159
1304
1391
1540
1630
1564
1552
1855
1927
1905
1844
1639
1828
1832
1532
1488
1725
1332
1096
974
1135
853
749
537
125
566
179
5
-121
64
-335
-421
-388
-115
360
-42
-798
-191
240
222
250
45
466
510
271
127
689
1141
942
494
250
789
947
695
637
691
693
252
44
248
502
264
-175
-457
-454
-382
-583
-665
-753
-980
-1254
-1496
-1362
-1332
-1593
-1604
-1857
-2132
-2030
-1956
-1931
-1927
-2103
-2285
-2018
-2009
-2055
-1732
-1630
-1530
-1683
-1491
-1205
-850
-664
-681
-461
-255
-105
90
470
591
674
840
889
1083
1357
1517
1520
1574
1657
1621
1753
1933
1843
1824
1806
1605
1601
1678
1667
1428
1290
1191
1085
1016
760
823
530
71
442
359
-149
-354
227
-166
-360
-420
-250
614
100
-631
-217
264
290
289
166
305
369
251
130
449
823
840
459
206
551
686
734
691
538
524
354
119
172
362
310
-27
-415
-515
-487
-542
-585
-779
-1086
-1228
-1437
-1416
-1437
-1484
-1520
-1800
-2040
-2046
-1910
-1860
-1800
-2020
-2112
-2051
-1919
-1816
-1733
-1551
-1446
-1493
-1393
-1074
-865
-607
-509
-528
-289
32
88
316
691
685
692
891
1107
1317
1506
1508
1445
1620
1737
1623
1770
1992
1769
1646
1542
1744
1686
1408
1316
1419
1431
577
928
984
624
490
164
174
527
-204
-355
-24
-146
-112
-551
-528
-264
536
34
-781
-477
341
503
256
-73
268
661
381
144
469
1081
973
458
114
640
936
800
606
491
567
390
108
148
373
329
-41
-451
-606
-446
-419
-585
-854
-1073
-1206
-1291
-1527
-1493
-1322
-1541
-1851
-2157
-2072
-1805
-1770
-1960
-2080
-1965
-2028
-1968
-1603
-1679
-1524
-1451
-1442
-1270
-1072
-868
-588
-430
-582
-299
-15
214
376
503
704
785
898
1049
1272
1549
1449
1452
1546
1657
1734
1872
1703
1673
1751
1644
1666
1369
1589
1486
1276
1042
815
1101
866
549
518
306
65
307
272
-334
-273
187
-82
-801
-416
239
400
-268
-710
-141
326
453
141
154
376
533
247
156
721
1039
768
275
258
704
816
585
519
546
492
182
-13
187
370
213
-236
-530
-570
-434
-536
-676
-818
-1084
-1273
-1427
-1402
-1373
-1406
-1588
-1859
-2015
-1759
-1907
-1941
-1702
-1896
-1817
-1998
-2072
-1561
-1310
-1620
-1503
-1260
-1292
-966
-907
-647
-356
-388
-358
-117
198
428
578
609
758
837
1058
1271
1331
1535
1496
1446
1652
1644
1739
1933
1703
1600
1708
1549
1622
1451
1356
1389
1070
980
833
695
921
586
35
181
326
168
-4
-153
-193
58
-319
-477
129
288
22
-318
-267
118
502
373
113
302
502
340
144
535
958
788
326
239
503
690
606
480
428
293
110
-7
53
185
78
-326
-536
-583
-636
-610
-642
-892
-1120
-1256
-1416
-1370
-1347
-1387
-1530
-1800
-1909
-1886
-1736
-1650
-1751
-1825
-1861
-1932
-1794
-1522
-1405
-1367
-1426
-1358
-1127
-1040
-733
-470
-465
-363
-313
-168
271
551
483
608
721
829
1062
1232
1362
1486
1519
1333
1534
1791
1719
1698
1780
1645
1550
1450
1654
1581
1410
1300
924
1070
830
1072
713
375
258
262
437
-38
-222
50
161
-501
-473
-217
48
172
-60
-626
-287
318
316
76
36
514
417
79
96
687
983
648
212
214
679
689
496
478
472
422
136
-81
107
352
142
-297
-523
-524
-451
-525
-644
-813
-1047
-1190
-1320
-1365
-1237
-1304
-1530
-1766
-1915
-1820
-1590
-1565
-1887
-1845
-1770
-1696
-1841
-1645
-1266
-1384
-1368
-1459
-1210
-705
-605
-826
-563
-259
-253
-81
104
380
599
539
490
783
1115
1135
1135
1331
1339
1305
1557
1697
1502
1647
1732
1529
1481
1565
1671
1410
1452
1199
1099
1123
844
864
807
690
58
331
477
138
141
-204
-19
-39
-333
-151
85
178
2
-391
-232
83
386
277
98
273
197
318
200
422
800
626
284
154
504
628
547
475
383
269
37
19
124
189
73
-314
-528
-537
-542
-558
-616
-781
-1020
-1218
-1261
-1210
-1221
-1258
-1401
-1695
-1783
-1729
-1626
-1561
-1682
-1810
-1845
-1690
-1775
-1582
-1350
-1429
-1359
-1363
-1204
-937
-636
-697
-610
-323
-333
-185
198
423
370
532
678
740
939
1205
1280
1264
1421
1485
1411
1668
1729
1615
1751
1705
1385
1491
1838
1363
1507
1276
839
1219
1157
633
518
1005
311
103
386
112
47
161
84
-356
-385
-193
178
219
-110
-516
-217
301
317
4
43
473
300
81
22
544
767
491
190
161
428
486
458
391
403
235
52
-23
99
233
86
-261
-475
-507
-509
-499
-624
-772
-968
-1159
-1239
-1310
-1197
-1211
-1429
-1652
-1735
-1674
-1605
-1544
-1682
-1644
-1669
-1827
-1673
-1419
-1302
-1338
-1372
-1302
-1070
-835
-761
-620
-428
-427
-274
-46
167
323
484
579
558
753
957
1203
1244
1270
1272
1364
1504
1595
1588
1593
1697
1627
1395
1411
1720
1536
1303
1032
1218
1137
853
634
884
672
20
271
434
70
-233
184
-33
-303
-511
-200
116
130
-240
-376
-225
113
262
42
204
367
315
22
214
498
893
601
219
203
473
664
535
433
417
398
119
-30
113
341
197
-277
-491
-447
-429
-481
-616
-723
-880
-1161
-1295
-1250
-1128
-1196
-1469
-1689
-1724
-1712
-1574
-1444
-1817
-1795
-1617
-1704
-1691
-1485
-1387
-1305
-1247
-1454
-1179
-721
-689
-776
-617
-306
-270
-197
45
315
475
442
492
741
1025
1094
1078
1267
1388
1388
1374
1573
1798
1562
1616
1581
1480
1613
1693
1349
1342
1296
1150
922
924
960
671
556
441
151
200
420
-93
51
-94
37
-522
-195
229
24
-134
-411
-125
58
306
-27
199
223
272
31
213
423
672
531
161
222
356
596
396
431
382
289
40
32
194
249
74
-226
-392
-457
-436
-483
-565
-693
-916
-1162
-1244
-1158
-1160
-1256
-1424
-1608
-1709
-1557
-1614
-1705
-1493
-1631
-1696
-1737
-1657
-1444
-1248
-1309
-1437
-1195
-1077
-876
-775
-609
-470
-424
-231
-117
76
329
533
511
511
773
974
1095
1206
1217
1271
1425
1436
1380
1526
1772
1634
1256
1498
1581
1459
1411
1461
999
1157
1196
814
645
923
829
145
247
219
374
135
-134
-221
102
-180
-321
162
174
-196
-231
54
292
266
160
354
340
265
228
443
654
517
347
348
358
341
393
465
372
164
0
44
53
8
-46
-193
-391
-552
-593
-551
-640
-772
-955
-1128
-1199
-1277
-1297
-1277
-1369
-1590
-1713
-1716
-1590
-1466
-1739
-1709
-1518
-1703
-1536
-1436
-1388
-1183
-1162
-1318
-1117
-702
-628
-662
-566
-306
-210
-93
93
246
501
579
445
712
1068
1017
1146
1322
1198
1224
1682
1518
1274
1866
1810
1255
1259
1874
1601
1136
1372
1257
1098
917
852
663
785
758
32
93
465
185
20
-42
-77
-151
-44
-23
-124
95
47
-120
-118
86
316
362
185
70
239
410
369
364
505
533
345
206
348
518
538
358
163
136
145
76
2
13
-97
-338
-525
-580
-574
-597
-724
-945
-1107
-1179
-1225
-1246
-1282
-1334
-1507
-1649
-1627
-1617
-1570
-1563
-1602
-1655
-1702
-1609
-1446
-1283
-1277
-1268
-1183
-1112
-854
-662
-594
-461
-325
-241
-105
83
291
488
568
536
685
890
1060
1173
1199
1276
1348
1298
1446
1535
1535
1603
1465
1338
1384
1494
1329
1262
1184
1064
925
680
780
870
449
204
424
270
-147
159
281
-110
-348
-130
205
-13
-146
-17
45
45
116
235
301
360
315
288
375
457
650
650
440
321
434
584
449
358
373
286
113
-22
-1
46
-39
-288
-457
-497
-557
-650
-732
-778
-928
-1128
-1224
-1241
-1248
-1297
-1419
-1543
-1600
-1625
-1641
-1609
-1586
-1592
-1624
-1672
-1602
-1487
-1331
-1252
-1295
-1218
-1010
-852
-820
-632
-417
-303
-178
-118
59
387
570
489
607
897
966
1028
1181
1299
1323
1396
1406
1435
1493
1582
1570
1511
1338
1349
1546
1318
1134
1057
1160
963
602
652
797
354
277
430
1
104
197
-27
-86
17
-72
67
182
0
-111
172
375
219
268
287
378
437
395
381
547
616
522
348
357
567
535
382
306
302
240
116
20
-5
-26
-158
-406
-545
-538
-584
-750
-865
-966
-1088
-1202
-1269
-1365
-1405
-1427
-1564
-1678
-1723
-1684
-1711
-1719
-1708
-1731
-1682
-1628
-1594
-1465
-1310
-1272
-1228
-1042
-868
-706
-608
-466
-260
-163
23
170
286
502
645
640
766
974
1057
1124
1259
1267
1338
1418
1509
1502
1456
1701
1528
1410
1560
1352
1389
1434
1006
975
1144
814
407
762
564
64
268
258
45
24
-35
-64
37
-102
-121
247
145
-282
152
248
162
310
297
252
339
386
371
467
531
538
420
351
403
541
470
386
248
218
198
87
43
-45
-119
-228
-467
-580
-563
-624
-758
-954
-1060
-1167
-1174
-1289
-1413
-1355
-1451
-1584
-1697
-1658
-1617
-1586
-1563
-1801
-1660
-1508
-1593
-1438
-1284
-1303
-1229
-1010
-1020
-808
-494
-481
-444
-242
-43
67
293
464
427
636
798
783
943
1250
1203
1134
1342
1268
1402
1463
1447
1495
1515
1206
1281
1477
1348
1160
938
1250
928
530
745
1013
412
136
591
233
86
268
132
-22
115
81
-27
196
222
-16
152
274
279
387
292
331
376
477
396
426
542
538
374
257
494
462
346
267
234
187
119
-16
-52
-15
-212
-365
-481
-523
-608
-735
-799
-934
-1053
-1170
-1251
-1335
-1353
-1396
-1532
-1631
-1670
-1644
-1636
-1675
-1629
-1571
-1697
-1610
-1518
-1352
-1167
-1272
-1234
-996
-821
-776
-554
-394
-331
-213
-88
98
312
486
500
583
758
826
973
1248
1221
1062
1331
1459
1292
1437
1507
1479
1451
1248
1193
1468
1359
1004
994
1038
871
563
764
773
411
225
254
451
187
37
136
179
262
-165
41
523
113
65
330
322
381
403
347
479
567
429
497
608
551
503
443
548
485
360
408
313
220
155
63
19
-74
-225
-318
-417
-532
-659
-752
-808
-955
-1129
-1179
-1238
-1367
-1357
-1534
-1632
-1543
-1703
-1715
-1703
-1739
-1639
-1717
-1759
-1591
-1530
-1457
-1396
-1362
-1176
-1050
-996
-836
-624
-519
-429
-253
-94
52
247
401
471
626
797
834
1034
1209
1132
1273
1384
1416
1425
1413
1560
1656
1492
1236
1502
1582
1237
1240
1158
1117
1072
655
729
721
477
379
256
221
80
130
15
-84
-30
27
20
-9
198
-10
-13
352
227
329
377
203
441
515
388
399
564
625
428
289
467
579
399
318
300
252
187
31
0
25
-113
-339
-462
-494
-578
-714
-824
-907
-1065
-1164
-1260
-1303
-1345
-1446
-1483
-1596
-1645
-1603
-1612
-1589
-1611
-1679
-1705
-1484
-1284
-1592
-1447
-1190
-1227
-1003
-976
-943
-578
-404
-620
-382
84
130
143
311
510
603
761
908
970
1166
1194
1151
1368
1388
1371
1550
1540
1441
1365
1528
1515
1241
1394
1318
948
1109
1065
566
788
764
375
179
290
448
67
-87
-69
192
138
-133
-227
344
426
-229
26
290
562
393
118
265
541
586
359
384
546
689
415
303
412
537
547
322
172
181
196
96
-19
-96
-151
-304
-477
-580
-594
-655
-803
-1004
-1125
-1177
-1254
-1310
-1422
-1458
-1558
-1668
-1703
-1672
-1653
-1599
-1596
-1866
-1635
-1533
-1545
-1321
-1356
-1362
-1150
-1034
-1058
-719
-505
-553
-474
-232
-70
64
327
392
430
668
730
828
1068
1237
1146
1313
1326
1294
1556
1643
1490
1450
1539
1437
1453
1372
1491
1149
1158
1181
690
788
1057
666
308
295
343
311
106
200
30
-73
139
-4
-32
420
107
-81
227
305
388
313
255
415
544
367
291
548
690
498
246
400
579
407
326
232
266
200
8
-92
-63
-78
-321
-465
-561
-601
-702
-826
-877
-1036
-1153
-1246
-1340
-1364
-1371
-1487
-1610
-1638
-1660
-1639
-1630
-1578
-1614
-1671
-1571
-1563
-1452
-1248
-1281
-1279
-1082
-1012
-907
-652
-538
-476
-321
-168
-59
168
397
454
516
691
817
897
1125
1129
1194
1342
1228
1352
1466
1587
1478
1386
1449
1418
1525
1312
1223
1307
1110
996
713
830
940
433
223
450
316
193
98
-1
152
248
-69
-138
464
288
43
185
317
562
414
248
417
678
490
289
526
622
552
311
327
493
397
320
230
198
135
23
-34
-80
-133
-313
-429
-527
-608
-700
-796
-894
-1079
-1158
-1261
-1335
-1374
-1391
-1575
-1683
-1628
-1709
-1565
-1684
-1773
-1637
-1654
-1637
-1605
-1417
-1327
-1330
-1344
-1150
-920
-788
-672
-689
-412
-255
-200
18
201
362
430
516
621
866
1017
1079
1171
1152
1277
1481
1508
1396
1553
1630
1522
1451
1385
1572
1442
1237
1169
1116
1038
725
846
909
358
247
623
310
3
230
140
72
128
-47
-39
221
241
2
50
193
351
410
184
216
473
579
350
278
543
655
408
233
420
474
367
280
166
138
109
-15
-122
-127
-218
-397
-501
-613
-675
-755
-824
-952
-1105
-1203
-1261
-1292
-1364
-1391
-1518
-1590
-1606
-1637
-1639
-1553
-1524
-1665
-1633
-1540
-1437
-1339
-1262
-1218
-1119
-973
-931
-738
-489
-354
-351
-234
-11
134
355
458
523
642
770
839
1009
1115
1150
1294
1173
1267
1374
1419
1475
1384
1445
1322
1208
1351
1519
1120
819
1189
1064
693
556
728
681
300
246
172
248
224
-7
62
122
38
19
214
193
84
202
328
417
215
278
559
472
300
355
561
516
382
307
442
469
276
275
279
270
109
35
4
-56
-139
-325
-370
-487
-608
-754
-791
-897
-1074
-1091
-1294
-1314
-1329
-1414
-1464
-1563
-1571
-1591
-1596
-1631
-1469
-1600
-1619
-1441
-1572
-1331
-1227
-1267
-1144
-1008
-1014
-825
-521
-530
-430
-286
-48
40
143
427
462
594
727
780
945
1086
1058
1194
1376
1151
1201
1440
1486
1477
1261
1345
1404
1421
1395
1071
1195
1090
962
849
795
663
531
513
370
243
205
197
160
131
85
206
-58
148
328
215
39
165
331
425
256
159
491
402
294
276
467
365
295
262
359
280
127
244
167
65
-51
-81
-126
-189
-328
-428
-477
-562
-704
-822
-820
-911
-1074
-1067
-1187
-1311
-1251
-1363
-1423
-1444
-1498
-1534
-1427
-1557
-1554
-1412
-1393
-1331
-1414
-1227
-1059
-1051
-987
-855
-715
-563
-492
-476
-232
-53
24
88
195
416
506
568
780
774
867
1053
1093
1146
1124
1310
1286
1451
1099
1448
1510
1162
1396
1162
1308
1107
1174
918
864
949
584
542
582
411
392
211
160
69
156
173
79
-76
-7
314
141
-26
-137
457
292
140
48
198
389
351
249
80
379
417
285
90
342
341
200
118
127
159
73
-32
-160
-126
-196
-316
-430
-472
-562
-680
-739
-828
-883
-987
-1129
-1121
-1182
-1293
-1341
-1343
-1396
-1477
-1508
-1495
-1455
-1392
-1361
-1502
-1370
-1176
-1136
-1022
-947
-884
-710
-583
-537
-313
-94
-123
-91
125
314
360
477
593
658
768
750
929
1140
1142
975
1143
1348
1312
1121
1278
1581
1224
1050
1192
1372
1148
929
948
923
773
569
604
542
425
310
121
96
200
114
1
69
18
-108
124
225
-8
41
332
263
151
257
336
498
371
266
382
537
417
304
361
398
372
178
206
177
144
44
-111
-114
-157
-276
-406
-440
-535
-632
-707
-820
-857
-943
-1044
-1111
-1171
-1179
-1304
-1316
-1322
-1382
-1410
-1345
-1377
-1412
-1343
-1324
-1228
-1264
-1214
-1083
-1013
-968
-896
-774
-616
-534
-488
-298
-140
-62
107
189
311
471
618
692
729
863
1100
1042
964
1236
1367
1170
1194
1362
1260
1351
1236
1135
1154
1241
1001
925
928
793
751
688
525
305
481
518
144
13
311
186
-48
100
182
-39
53
201
90
-10
125
276
305
192
19
322
501
287
120
390
503
246
180
321
387
198
155
142
63
8
-45
-70
-175
-290
-369
-375
-458
-601
-613
-665
-789
-914
-929
-952
-1036
-1101
-1216
-1225
-1253
-1285
-1344
-1297
-1267
-1382
-1377
-1299
-1194
-1196
-1180
-1126
-999
-937
-919
-760
-566
-484
-453
-351
-181
-6
109
169
256
383
473
608
667
703
853
966
939
942
1086
1236
1201
1215
1090
1241
1341
1282
1188
995
1219
1149
920
793
856
874
527
391
419
320
220
404
32
-232
91
224
97
-212
96
192
258
-115
45
459
293
271
108
242
377
461
257
289
392
395
301
162
323
385
266
103
34
57
93
-34
-168
-203
-249
-382
-494
-550
-591
-641
-802
-939
-1025
-1015
-1092
-1148
-1220
-1319
-1274
-1329
-1365
-1334
-1288
-1339
-1346
-1222
-1284
-1242
-1141
-1050
-982
-992
-906
-742
-574
-584
-431
-217
-183
-112
68
263
282
415
510
536
711
755
816
888
1023
1022
1065
1120
1024
1290
1333
1124
973
1340
1287
864
1144
1005
918
835
839
668
576
609
362
438
309
308
-3
41
384
-51
-243
110
182
-64
3
18
29
305
190
165
204
220
503
326
168
390
584
408
177
293
461
462
166
168
245
197
89
-128
-25
-16
-194
-410
-437
-394
-520
-632
-733
-812
-918
-933
-1000
-1153
-1137
-1202
-1281
-1312
-1375
-1372
-1292
-1303
-1432
-1379
-1263
-1180
-1224
-1160
-1018
-1001
-914
-826
-696
-538
-481
-443
-272
-129
-69
106
200
313
377
433
680
718
763
877
966
1031
1044
1029
1224
1348
1105
1083
1217
1222
1318
969
859
1230
1031
738
643
808
773
564
252
351
439
291
184
-7
213
67
-3
112
104
29
177
182
8
168
358
318
212
210
343
445
299
272
440
485
250
253
340
383
278
210
182
76
67
16
-28
-122
-224
-346
-375
-432
-576
-582
-669
-799
-908
-939
-949
-1089
-1091
-1178
-1258
-1293
-1302
-1341
-1313
-1296
-1438
-1351
-1341
-1238
-1207
-1246
-1095
-1018
-1009
-936
-742
-636
-540
-489
-355
-202
-111
62
166
278
363
436
545
736
838
780
916
1038
1016
1155
1244
1091
1280
1324
1156
1309
1171
1233
1269
992
986
993
886
843
732
541
553
258
373
553
92
-39
142
180
4
7
19
127
166
-8
2
162
278
262
233
118
160
385
348
216
227
341
304
146
156
286
316
107
53
94
75
8
-76
-89
-126
-251
-410
-400
-443
-531
-597
-730
-833
-909
-913
-958
-1025
-1106
-1208
-1215
-1249
-1225
-1280
-1233
-1230
-1322
-1319
-1249
-1183
-997
-821
-1287
-1093
-800
-707
-468
-623
-599
-323
-185
-297
34
260
281
240
245
523
652
887
773
711
934
943
996
1114
1217
1052
1173
1058
1129
1213
1140
1225
985
925
835
933
1006
841
267
652
636
156
454
263
61
348
9
-203
135
75
295
-100
-140
157
173
63
262
110
203
320
87
274
281
404
349
232
215
307
353
330
294
180
205
179
43
67
61
5
-186
-284
-330
-364
-402
-532
-602
-740
-808
-903
-920
-921
-1040
-1097
-1211
-1218
-1235
-1221
-1268
-1211
-1249
-1374
-1295
-1218
-1083
-1163
-1144
-1049
-968
-931
-840
-665
-579
-548
-466
-280
-146
-57
117
197
286
361
496
649
778
812
745
921
1065
1079
1025
1177
1247
1101
1162
1253
1179
1174
1275
1116
854
1014
1098
850
685
868
476
442
477
340
251
255
179
-110
13
-27
86
-66
55
-101
-21
48
-18
182
280
185
85
173
201
453
321
241
316
347
192
199
367
363
218
68
92
8
70
51
-66
-161
-291
-377
-388
-401
-466
-526
-704
-806
-882
-851
-837
-975
-1077
-1155
-1219
-1206
-1220
-1257
-1151
-1328
-1370
-1314
-1259
-1074
-1128
-1172
-1066
-975
-952
-780
-683
-585
-476
-482
-372
-182
79
65
77
284
400
480
588
731
769
909
904
870
1162
1170
1050
1230
1154
1102
1207
1191
1278
991
1069
1144
821
898
958
929
471
578
741
353
124
570
344
160
-3
-43
214
61
117
-70
133
39
38
-60
264
302
171
156
76
259
351
321
271
333
240
211
196
279
342
230
99
28
-11
40
0
-70
-194
-356
-418
-433
-508
-548
-607
-756
-889
-969
-927
-904
-1011
-1079
-1175
-1249
-1202
-1158
-1172
-1238
-1249
-1295
-1294
-1206
-1143
-1125
-1081
-1059
-1083
-933
-765
-683
-612
-520
-441
-320
-131
4
116
176
290
403
561
636
677
838
934
908
892
1145
1187
1142
1153
1217
1122
1237
1297
1186
1144
1173
1098
933
966
1010
956
648
604
673
519
213
357
483
182
-134
-62
155
92
-145
-128
84
-6
-179
-88
138
219
78
24
68
195
296
228
199
283
289
163
152
278
339
205
111
64
39
45
28
-36
-103
-220
-341
-373
-369
-429
-535
-598
-737
-858
-860
-847
-929
-1033
-1120
-1200
-1219
-1199
-1195
-1240
-1261
-1303
-1332
-1213
-1140
-1151
-1107
-1031
-1035
-984
-814
-678
-616
-571
-501
-400
-192
-44
5
136
263
333
437
604
706
821
888
868
949
1152
1179
1070
1205
1295
1228
1132
1166
1281
1357
1157
886
1015
1176
1026
729
714
767
707
457
285
234
351
451
2
-294
-113
227
-9
-247
-216
12
36
-187
-226
41
374
142
-125
-16
370
355
208
243
361
317
199
219
319
367
273
140
52
40
71
85
-35
-180
-276
-321
-392
-437
-530
-590
-662
-831
-963
-961
-919
-997
-1119
-1236
-1256
-1218
-1219
-1278
-1281
-1244
-1292
-1308
-1217
-1154
-1114
-1033
-1016
-1025
-884
-703
-621
-564
-480
-380
-254
-111
-3
126
267
331
391
529
675
784
887
906
901
1003
1126
1160
1167
1182
1188
1200
1161
1155
1217
1220
1126
1060
1017
887
920
1032
831
528
578
652
407
244
331
313
100
-41
-106
-102
-17
-20
-179
-240
-158
-129
-151
-71
58
49
-55
-22
134
222
199
221
284
242
147
225
380
348
192
120
159
113
23
28
25
-126
-300
-363
-352
-396
-534
-619
-676
-798
-914
-935
-900
-954
-1106
-1208
-1212
-1204
-1186
-1230
-1265
-1255
-1323
-1290
-1184
-1167
-1124
-1028
-1031
-1035
-894
-706
-611
-575
-476
-397
-277
-79
21
146
280
297
416
613
691
765
900
955
940
1007
1138
1159
1212
1298
1154
1095
1292
1347
1242
1087
1169
1308
1042
887
1009
1012
883
724
550
516
542
432
162
148
244
74
-168
-232
-155
-5
-114
-411
-294
-112
-198
-319
-178
66
-13
-231
-148
81
179
93
44
192
212
75
123
285
289
175
76
88
68
25
38
-29
-161
-281
-334
-342
-409
-529
-563
-616
-767
-895
-883
-800
-893
-1068
-1119
-1125
-1106
-1061
-1156
-1181
-1140
-1164
-1165
-1110
-1027
-981
-970
-950
-889
-795
-633
-551
-501
-430
-350
-182
-14
47
142
281
377
459
558
689
785
866
864
891
1012
1085
1111
1131
1074
1101
1239
1155
1148
1165
1070
1088
1165
982
886
966
860
789
696
522
501
629
328
74
209
265
115
-12
-206
-178
117
-20
-351
-234
1
-120
-264
-187
22
53
-114
-166
18
134
90
82
132
112
60
115
214
179
52
46
88
-7
-110
-76
-52
-184
-360
-427
-392
-434
-580
-667
-693
-768
-878
-925
-915
-922
-1032
-1103
-1055
-1049
-1121
-1102
-1054
-1060
-1063
-1075
-1032
-933
-889
-896
-830
-757
-719
-611
-469
-422
-388
-246
-106
-40
56
188
304
405
470
532
649
790
834
859
925
971
1025
1111
1112
1052
1144
1220
1119
1034
1154
1190
1064
973
1006
1016
906
774
735
809
692
438
384
483
314
110
171
174
-17
-157
-129
-77
-100
-240
-241
-127
-163
-303
-230
-23
-7
-127
-173
-57
57
70
26
50
103
71
4
34
98
89
11
-70
-130
-159
-150
-157
-235
-372
-465
-485
-496
-563
-636
-665
-720
-832
-909
-873
-834
-896
-978
-993
-1008
-1022
-977
-937
-937
-950
-959
-922
-837
-784
-760
-686
-629
-634
-565
-399
-300
-269
-192
-96
-8
113
228
312
410
479
514
625
760
784
815
928
947
896
987
1108
1097
1048
1037
1069
1110
1068
994
1018
1029
938
843
807
806
783
670
530
507
483
354
297
281
141
42
101
22
-174
-139
-32
-148
-283
-235
-173
-181
-219
-234
-154
-75
-147
-198
-83
0
-47
-81
-36
0
-31
-73
-53
-31
-79
-143
-156
-172
-222
-267
-285
-320
-390
-462
-489
-493
-542
-613
-648
-669
-719
-762
-780
-791
-799
-825
-877
-897
-859
-835
-825
-821
-824
-785
-717
-685
-655
-566
-482
-450
-421
-340
-216
-117
-68
-23
69
165
236
322
394
443
526
591
602
688
796
775
767
899
946
862
894
1011
990
943
952
895
891
977
921
708
683
832
747
511
493
537
439
374
292
157
156
230
109
-81
-63
20
-53
-157
-164
-133
-117
-140
-190
-179
-122
-113
-119
-98
-81
-84
-69
-54
-30
-12
-10
-34
-65
-67
-48
-44
-90
-144
-174
-198
-243
-281
-302
-346
-417
-475
-517
-547
-566
-593
-648
-704
-745
-766
-759
-750
-777
-821
-828
-811
-789
-747
-713
-735
-733
-651
-591
-567
-499
-425
-392
-350
-284
-195
-93
-22
23
64
117
243
332
318
402
546
494
467
628
710
706
750
718
689
846
936
827
748
840
940
888
721
736
881
823
656
627
597
575
615
519
341
301
341
323
242
114
86
136
55
-38
13
-20
-89
-26
-39
-201
-150
20
-27
-170
-159
-110
-77
-50
-68
-137
-123
-66
-87
-135
-117
-84
-124
-185
-219
-207
-201
-225
-279
-335
-375
-384
-390
-418
-467
-513
-552
-569
-582
-601
-625
-647
-682
-703
-688
-681
-695
-689
-663
-671
-685
-626
-551
-541
-543
-488
-420
-383
-330
-264
-192
-140
-100
-62
39
136
169
180
258
323
358
402
458
505
531
547
571
626
671
691
659
674
730
777
703
641
763
847
630
562
745
754
566
517
575
574
526
402
308
410
453
215
97
235
251
57
-51
33
84
-56
-174
-126
-57
-130
-197
-180
-154
-158
-172
-227
-188
-77
-116
-228
-176
-88
-117
-139
-110
-119
-144
-134
-164
-196
-179
-167
-233
-293
-320
-317
-316
-343
-402
-451
-459
-454
-476
-517
-536
-510
-506
-579
-605
-550
-517
-509
-539
-586
-531
-438
-441
-465
-428
-366
-331
-319
-285
-225
-159
-110
-96
-72
-9
76
145
176
160
212
331
363
363
397
446
513
513
459
576
585
570
628
593
518
676
665
587
613
585
588
627
582
485
576
521
515
437
375
409
471
293
224
204
253
252
78
26
50
78
53
-97
-222
23
23
-201
-266
-148
-87
-97
-232
-281
-185
-118
-134
-260
-277
-165
-107
-222
-280
-246
-156
-180
-260
-284
-269
-242
-226
-282
-353
-305
-281
-319
-361
-365
-378
-364
-365
-413
-443
-418
-391
-409
-447
-473
-420
-410
-432
-441
-394
-380
-391
-384
-318
-262
-302
-266
-201
-130
-111
-122
-74
47
51
38
167
110
149
339
324
121
333
547
356
280
513
599
373
535
606
512
507
671
545
571
617
510
627
655
463
510
628
475
510
440
378
444
463
206
255
373
194
90
193
144
-28
25
48
-81
-113
-93
-143
-165
-165
-223
-241
-223
-201
-250
-319
-262
-200
-274
-316
-261
-269
-269
-259
-297
-305
-237
-249
-324
-305
-226
-270
-318
-306
-268
-264
-297
-337
-304
-240
-293
-370
-313
-247
-302
-330
-321
-303
-286
-296
-290
-292
-305
-262
-193
-255
-284
-180
-136
-139
-178
-138
-41
-32
-62
16
-1
65
96
130
145
62
254
330
134
200
426
285
301
379
390
340
434
516
380
384
551
540
410
505
474
483
598
450
333
537
505
391
343
328
377
347
199
244
170
124
216
74
-22
-22
91
-28
-137
-157
-77
-101
-159
-272
-225
-75
-234
-301
-212
-174
-277
-199
-250
-268
-190
-203
-252
-217
-173
-259
-170
-163
-220
-227
-181
-151
-206
-227
-234
-169
-179
-255
-272
-199
-233
-313
-219
-273
-332
-312
-226
-281
-359
-343
-229
-241
-339
-290
-244
-182
-245
-206
-179
-124
-144
-76
-67
-46
-2
29
73
70
126
173
162
174
283
298
244
283
380
371
342
385
428
346
411
535
383
244
494
571
283
269
470
398
300
358
296
252
351
303
184
217
287
157
134
219
185
-15
34
220
104
-137
-65
107
22
-104
-146
-112
-27
-19
-228
-241
-55
-68
-229
-206
-153
-171
-166
-173
-234
-223
-171
-187
-246
-236
-225
-219
-239
-257
-255
-241
-269
-264
-238
-286
-320
-242
-235
-327
-320
-255
-263
-298
-278
-305
-279
-242
-222
-298
-259
-204
-181
-184
-186
-161
-117
-64
-63
-18
-46
13
98
98
82
137
175
188
239
261
215
312
286
319
350
390
275
344
455
346
375
356
418
224
510
419
219
199
511
363
142
300
223
218
278
294
-62
108
316
189
-68
-24
125
147
46
-117
-98
83
95
-99
-249
-8
77
-123
-235
-46
-62
-174
-105
-100
-200
-184
-56
-189
-225
-178
-119
-260
-199
-169
-225
-269
-195
-179
-285
-242
-235
-205
-269
-222
-245
-247
-233
-176
-218
-279
-214
-110
-185
-273
-201
-75
-118
-232
-154
-96
-47
-94
-111
-138
-2
99
-92
-95
32
176
2
13
37
132
166
87
19
132
299
127
23
197
326
172
151
177
278
271
320
72
286
331
323
176
271
269
241
375
188
201
201
359
128
188
214
150
101
193
184
-19
65
150
62
-37
27
15
-42
-20
-21
-107
-93
-86
-77
-119
-149
-190
-115
-102
-230
-200
-133
-142
-247
-182
-118
-160
-264
-136
-100
-184
-185
-118
-157
-138
-98
-122
-179
-131
-22
-149
-128
-87
-88
-144
-14
-90
-133
-98
5
-108
-109
-14
-35
-146
-50
18
0
-102
-148
61
62
-47
-121
-7
31
70
-13
-59
-5
94
105
-44
56
104
27
66
187
124
-34
123
275
172
17
173
226
198
148
189
198
164
187
226
206
135
130
207
255
45
89
212
140
20
56
193
42
-41
48
124
-33
-31
-7
19
-1
-96
-10
-61
-42
-36
-102
-91
-27
-77
-118
-91
-72
-117
-99
-49
-157
-183
17
-101
-192
-118
-87
-55
-127
-176
-86
-57
-114
-98
-147
-37
-90
-89
-84
-53
-112
-74
-18
-33
-182
-13
29
-168
45
-82
-112
14
-32
-41
-23
-234
115
117
-261
-99
103
62
-120
-90
76
38
-78
102
-11
-20
108
70
10
92
103
70
65
162
148
38
143
217
76
106
216
165
87
123
186
164
135
64
136
137
153
65
76
41
144
123
-15
-11
108
98
-9
-50
33
81
20
-106
6
45
20
-120
-38
26
-45
-50
-99
-49
-58
-2
-172
-49
-133
-15
-66
-174
-169
17
-106
-170
-108
-130
-105
-48
-150
-169
-88
-93
-62
-130
-164
-109
43
-119
-153
-100
37
-75
-87
-79
9
-7
-100
13
25
-36
-52
66
34
18
-60
80
86
9
41
14
61
118
75
-14
40
139
182
-91
19
277
47
-72
175
108
32
102
52
54
130
55
38
85
60
92
40
22
86
103
-34
56
103
8
-4
108
20
-58
106
50
-56
2
64
-11
13
-56
3
33
-36
-32
-14
-66
-4
28
-132
-71
31
-33
-126
-53
-45
-40
-67
-128
-38
-14
-122
-80
-26
-76
-67
-58
-66
-34
-77
-24
-24
-83
-11
4
-64
2
-22
-51
82
-51
-63
65
32
-25
-20
-10
120
-9
-84
69
67
13
-5
-47
115
29
-52
64
4
-21
121
7
-91
57
103
59
-100
-42
147
115
-101
-20
65
79
53
11
-42
22
116
97
-50
-60
100
89
53
-25
-54
67
129
-8
-20
-45
38
161
-10
-132
58
89
-15
1
-27
6
-11
3
33
-29
-121
27
51
-31
-106
-62
43
-1
-104
-23
-10
-114
36
30
-122
-112
47
24
-35
-145
-26
63
-26
-74
-36
-59
12
88
-101
-125
35
119
-46
-113
-39
105
24
-54
-35
-3
25
74
-19
-90
26
54
24
-8
-60
-29
88
25
-43
-56
-22
91
38
-109
-31
51
15
23
-39
-60
51
66
10
-55
-31
94
85
-52
-30
56
76
37
6
10
29
78
88
0
-33
79
110
40
-11
15
80
72
6
27
31
-3
68
60
-45
-5
60
0
12
-8
-47
33
22
-61
7
13
-59
1
19
-54
-27
7
-24
-23
-17
-27
-11
-22
-36
3
-18
-63
-5
23
-47
-52
-9
-1
-15
-34
-38
-15
-10
0
-25
-58
-3
29
-31
-37
-12
-6
7
-18
-28
4
-10
-19
19
-1
-22
6
9
-5
28
5
-34
19
41
-12
-10
6
-4
19
18
-14
-4
21
14
11
1
-6
17
29
0
-9
21
35
1
-14
29
46
4
-18
15
42
36
-6
-21
22
52
25
-18
-17
24
51
23
-33
-39
38
73
-12
-60
0
44
31
-20
-51
-4
41
13
-29
-42
-17
27
15
-46
-55
-9
19
-5
-43
-45
-15
9
-2
-33
-50
-17
20
-7
-47
-35
-6
4
-3
-28
-32
2
12
-1
-3
-12
-13
22
24
-6
-10
11
23
22
3
-2
14
20
19
19
0
1
33
24
-2
4
16
17
12
4
4
8
11
15
3
-7
8
20
-2
-11
-1
-1
2
1
-10
-8
-1
-4
4
-7
-20
1
11
-6
-15
-6
7
9
-9
-11
10
9
-4
-4
3
4
1
-2
-1
4
1
-2
1
4
-2
-4
2
4
-2
-5
-2
2
-1
-4
-3
-2
-3
-3
1
-3
-6
-4
-1
-1
-3
-6
-3
0
-3
-5
-2
-2
-4
-1
1
-1
-2
-1
3
3
-4
-4
2
2
-3
-6
0
2
-1
-4
-1
4
4
1
0
3
6
3
2
2
3
5
3
1
0
1
1
1
-2
-1
0
1
2
2
-1
-2
1
3
1
-2
-2
1
3
0
-3
-2
0
1
-1
0
1
0
0
0
-3
-3
-1
-1
0
0
1
1
1
1
1
0
0
0
-1
-1
0
1
2
5
4
3
2
3
3
2
2
0
0
1
1
-1
0
2
1
1
0
0
0
0
-1
-2
-3
-4
-4
-4
-4
-3
-3
-2
-3
-5
-2
-1
-4
-5
-4
-2
-3
-2
-2
-2
0
1
-1
-3
0
2
0
0
-1
2
3
4
2
2
3
3
2
1
2
2
4
5
4
3
3
2
1
0
0
0
1
0
-1
1
2
2
2
1
-1
-2
-1
-1
-2
-2
-1
0
1
0
-1
0
0
0
0
-3
-1
0
1
1
0
1
0
0
1
1
1
1
1
3
1
1
0
0
1
-1
-2
-3
-3
-2
-2
-3
-2
-3
-3
-3
-4
-4
-3
-1
-1
0
0
-1
-1
-1
-2
-1
-2
-2
-1
-2
0
1
1
0
1
2
3
3
3
2
3
3
2
3
3
2
2
2
2
1
2
2
1
1
1
2
2
2
0
0
-1
0
0
0
0
0
0
0
0
-1
-1
-1
-1
-1
0
1
1
1
0
0
0
-1
-1
-1
-2
-1
-1
-1
-1
-2
-2
-2
-1
-1
0
0
0
-1
0
-1
-1
-2
-1
0
-1
0
1
1
0
0
1
0
1
1
0
-1
-2
-2
-1
-1
-2
-2
-2
0
0
1
0
1
-1
-2
-3
-2
-3
-1
0
-1
0
1
3
2
2
1
2
2
2
2
3
3
3
3
2
2
1
3
1
2
0
0
-1
-2
-1
0
-1
-2
-3
-3
-2
0
0
1
0
0
-1
-2
-2
-2
-1
-1
0
0
2
2
2
-1
-1
-2
-2
-1
1
1
0
1
1
0
1
0
-1
-2
-2
-1
-1
-2
-2
-3
-2
-1
0
0
1
1
1
1
1
0
0
0
1
1
2
2
1
0
-1
-1
0
1
0
0
-1
-1
1
3
2
0
-1
-1
0
0
0
0
-1
-2
-2
-1
-2
-3
-3
-3
-2
-1
1
0
1
0
0
0
-1
0
-2
-1
-1
-1
0
0
-1
-1
-1
0
-1
1
0
0
1
0
1
1
2
1
0
1
1
2
1
1
2
1
1
1
1
-1
-1
-2
-1
0
0
1
1
0
0
2
2
1
0
-1
0
1
1
1
0
-1
-1
0
-1
0
0
0
1
2
2
0
0
-1
0
0
0
-1
-1
-2
-2
-2
-2
-1
0
-1
-2
-4
-3
-2
-2
-2
-2
-2
-3
0
-1
1
0
0
0
0
0
1
1
1
1
2
2
3
3
2
2
1
1
-1
-1
0
1
2
3
3
3
3
2
2
2
2
1
0
1
0
0
1
1
1
1
0
0
0
-1
-1
0
0
0
-1
-2
-2
-2
-1
0
1
0
-2
-3
-3
-3
-3
-2
-2
-3
-2
-2
-1
-1
0
0
0
2
1
0
0
-1
-2
-2
-1
-1
1
1
-1
-1
0
0
1
2
2
1
2
4
5
4
2
1
-1
-3
-1
-2
-2
0
0
1
1
1
0
-1
-3
-3
-2
-1
-1
0
0
0
0
1
1
1
0
0
-1
0
0
0
1
0
0
0
1
0
0
0
0
-1
-3
-2
-1
0
-2
-1
-1
1
2
3
3
2
1
0
-1
-1
-2
-1
-1
-1
-1
2
3
2
1
0
0
-1
-1
-2
-2
-1
-1
0
1
1
0
-2
0
-1
0
0
0
0
0
0
1
1
1
-1
0
0
1
1
0
2
0
1
1
0
1
1
1
1
1
1
2
1
1
-1
0
0
1
-1
0
0
0
-1
-2
-2
-2
-2
-2
-1
0
-1
-1
-1
-2
0
-1
-2
-1
-1
-1
0
1
2
1
1
0
0
0
-1
1
2
1
0
0
0
0
1
0
1
1
0
1
0
-2
-2
1
4
2
0
1
1
3
2
-1
-2
-1
-2
-1
-1
0
-1
-2
0
0
-1
1
2
3
2
0
-1
-1
-1
-1
-1
-1
-2
0
1
2
3
2
2
0
0
0
0
0
0
-1
-1
-1
-1
-1
0
0
0
-1
-2
-2
-2
-1
-1
-1
-1
-1
1
2
1
1
1
2
1
1
-1
-1
0
0
-1
-1
-1
0
0
-1
0
-1
-1
-1
0
0
0
0
1
1
2
4
3
2
2
2
2
2
2
3
3
1
2
1
1
0
0
-1
-1
0
0
0
1
2
1
1
0
0
-1
-1
-2
-2
-2
-4
-4
-3
-2
-2
-2
-3
-2
-2
-4
-1
-1
-2
-1
-2
0
-1
0
0
-1
-1
-2
-2
-1
-1
1
2
2
2
1
2
2
1
0
0
0
0
-1
-1
-1
0
0
1
2
1
1
4
4
1
-3
-2
2
3
1
1
2
2
2
0
-2
-2
0
1
0
1
1
0
0
-1
-1
0
-1
-1
-1
0
-1
-2
-1
-1
-3
-3
-2
-2
-1
-1
-1
0
1
2
2
2
2
2
1
2
2
1
2
1
2
2
2
2
3
2
2
3
2
1
0
-1
-1
-2
-4
-3
-2
-2
-3
-2
-2
-1
-2
-2
-1
-2
-2
-3
-2
-3
-2
-2
-2
-1
-1
-1
-1
1
2
3
1
1
0
-1
-1
0
1
1
2
2
2
1
2
1
-1
-1
-2
-2
-2
-2
-1
0
-1
-1
-1
0
0
1
1
1
1
1
0
-1
0
0
0
1
2
1
2
2
2
2
2
1
2
2
1
1
1
2
1
1
1
1
1
0
1
0
1
1
1
0
1
0
-1
-2
-3
-3
-3
-3
-2
-2
-2
-2
-1
-1
0
1
0
0
-2
-3
-3
-2
-2
-1
0
0
0
-1
-1
0
-1
-1
-1
-2
0
0
-1
0
1
1
1
1
0
-1
-2
-2
-1
-2
-2
-1
-1
-1
-1
-1
0
0
1
0
0
1
3
3
4
4
5
5
4
3
3
3
2
2
3
3
3
2
3
3
2
2
2
2
2
1
0
-1
-1
-1
-1
-1
-2
-2
-1
-1
-3
-2
-2
-3
-2
-1
-1
0
-2
-1
-2
-1
-2
-2
-2
-2
-2
-2
-1
-2
0
0
1
1
1
1
1
0
0
-1
-2
-1
-2
-2
0
0
1
1
2
2
1
0
-1
-1
0
0
0
0
-1
-1
-2
-2
-2
-2
-1
-1
0
-1
-2
-2
0
1
0
0
1
2
3
3
3
3
2
1
1
0
0
0
0
1
2
2
3
2
2
1
2
2
3
2
2
2
2
1
2
2
0
0
0
0
-1
-2
-2
-4
-4
-3
-3
-3
-3
-1
-2
-1
-1
0
1
1
2
3
3
1
0
-1
-2
-3
-3
-2
-3
-3
-2
-1
-1
0
-1
0
0
1
1
-1
-1
-1
-3
-2
-2
-2
-1
0
0
-1
-2
-1
-2
-1
-1
-1
1
1
3
4
3
2
2
3
3
2
2
3
2
3
2
2
2
2
2
2
1
1
2
2
1
1
1
1
2
-1
-1
-3
-3
-5
-6
-6
-6
-5
-4
-4
-4
-2
-2
-1
-1
-1
0
0
0
1
0
1
2
2
2
1
2
1
1
1
-1
0
-1
0
2
2
3
4
4
4
3
4
2
2
0
-1
0
0
-1
-1
0
0
-1
-1
-2
-2
-2
-3
-3
-4
-3
-4
-5
-4
-3
-2
-2
-1
-1
0
0
1
-1
0
0
0
0
0
1
1
1
1
2
1
2
1
2
1
1
1
0
1
0
0
1
-1
0
0
-1
-1
0
-1
-2
-3
-2
-3
-1
0
0
-2
-1
1
-1
0
1
0
0
-1
0
1
2
1
3
3
2
3
3
3
4
5
5
5
4
4
3
3
3
2
2
1
0
0
-1
-1
-1
-1
0
-2
-2
-1
-2
-1
0
-1
-2
-4
-3
-2
-3
-3
-4
-4
-4
-4
-3
-3
-4
-3
-3
-4
-3
-3
-3
-2
-3
-2
-1
-1
-1
0
0
1
2
3
2
2
2
2
3
2
1
2
1
2
3
3
3
4
3
3
4
2
3
1
1
1
1
0
-1
-1
-1
-1
-1
0
-1
0
0
0
0
-1
0
-1
-1
-1
0
-1
0
-1
-2
-2
0
-1
0
0
-1
0
0
1
2
1
0
0
1
1
0
1
1
0
1
1
1
1
1
0
-1
0
-2
-3
-3
-4
-3
-2
-2
0
-1
-1
-1
-1
0
-1
-1
-2
-1
-1
-1
-1
-2
-2
-2
-1
-2
-1
0
-1
-1
-1
0
0
0
0
2
3
2
2
3
2
2
1
1
2
2
3
4
4
5
5
4
3
2
2
1
0
0
0
-1
-1
-1
-1
-1
-1
-2
-2
-4
-4
-3
-4
-4
-3
-3
-3
-2
-1
0
0
1
1
1
0
-1
-2
0
0
0
1
2
1
1
1
1
1
0
0
-2
-1
-1
1
0
0
1
0
2
2
1
1
1
1
0
1
1
0
-1
-1
-1
-2
-2
-1
-3
-1
-1
1
0
0
1
1
1
0
0
1
0
1
0
0
-1
0
0
-1
-1
-1
-1
-2
-2
-2
-3
-3
-2
-1
-1
0
0
1
2
3
2
3
2
2
2
0
0
1
2
1
1
1
2
1
1
1
1
0
0
1
2
1
0
-1
-1
-2
-2
-1
-1
-1
-1
0
1
0
1
0
0
-1
-1
-2
0
0
2
1
0
1
2
3
2
2
1
1
1
-1
0
1
1
2
2
2
1
0
0
0
0
0
0
0
-2
-1
-2
-2
-3
-3
-2
-2
-4
-2
-3
-2
-2
-2
-3
-2
-2
-1
-2
-3
-2
-3
-1
-1
0
0
0
1
2
3
3
3
3
2
1
2
2
2
1
1
1
0
0
-1
1
0
0
0
0
0
0
-1
1
1
2
0
0
2
2
2
2
2
1
-1
0
-1
-1
-1
-2
-1
1
1
1
0
1
0
0
0
0
-1
-1
-2
-2
-3
-3
-4
-2
-1
-1
0
1
1
1
1
0
-1
-2
-4
-2
-2
-2
-1
0
0
1
1
1
1
1
1
1
1
2
2
1
1
1
1
2
2
2
1
2
3
3
2
1
0
-1
0
0
-1
-1
0
0
-1
0
0
-1
-2
-1
-1
-1
0
0
1
-1
-1
-1
-2
-2
-4
-3
-2
-1
0
-1
0
-1
-1
0
0
0
-1
0
0
0
-1
2
1
0
2
3
2
2
0
1
0
1
1
1
1
1
1
0
-1
0
-1
-1
-1
-2
-2
-2
-3
-1
-2
-1
0
0
1
2
2
1
1
0
0
0
0
-2
-1
-2
-1
1
1
0
0
0
0
0
0
0
1
1
2
0
1
2
2
3
2
1
1
0
0
1
-1
-1
0
0
0
-1
-1
-2
-1
-1
-1
-2
-3
-3
-3
-2
-2
-1
-2
-2
-3
-3
-3
-2
-2
-1
1
2
1
0
2
2
2
3
1
3
3
3
4
3
2
2
3
2
1
0
1
1
2
1
2
2
3
1
0
1
1
2
2
2
1
0
-1
0
0
-2
-1
-2
-2
-2
-2
-2
-2
-3
-3
-3
-3
-2
-3
-2
-1
0
0
0
0
-2
-2
-2
-1
-1
1
1
2
1
0
0
-3
-1
-2
-3
-2
-1
-1
0
1
1
0
-1
-1
-1
1
0
1
0
0
0
-1
0
0
1
1
3
4
2
3
1
2
2
1
1
1
1
0
0
0
-1
-1
-1
-1
-1
-1
1
1
2
0
0
-1
-1
0
1
2
2
1
1
0
1
1
1
0
0
0
-1
-1
-1
-1
-3
-3
-3
-2
-1
-1
-1
-1
-1
0
-1
-1
-3
-1
-1
0
0
2
1
0
1
1
1
0
0
-1
0
0
1
1
2
2
1
0
-1
0
1
1
2
1
-1
-1
-1
-2
-1
-1
-2
-3
-1
0
1
1
1
3
3
3
2
2
1
3
2
3
2
1
1
-1
-2
-3
-3
-2
-2
-1
-1
0
0
0
-1
0
-1
-2
-3
-2
-2
0
1
0
-1
-2
-1
-3
-2
-1
0
0
1
0
0
1
0
0
-1
-1
0
0
0
1
1
0
-1
-2
-2
-1
0
0
1
0
2
1
2
2
3
3
2
1
2
2
1
1
-1
-2
-3
-3
-4
-2
-2
-1
-1
-1
1
2
2
1
2
0
1
0
0
1
1
2
1
1
1
1
0
0
0
-1
1
-1
0
0
0
-1
-1
0
-2
-1
-3
-3
-3
-2
-1
0
1
1
3
2
0
1
1
2
1
1
1
0
1
1
0
1
1
1
1
1
0
0
0
-1
-2
-3
-2
-1
0
0
-1
-2
-2
-3
-2
-2
-2
-1
-1
0
2
2
2
1
0
2
1
2
-1
0
1
1
2
2
3
4
2
2
2
2
2
2
3
3
2
2
1
0
0
-1
-2
-3
-3
-5
-5
-3
-4
-3
-3
-2
-2
-1
0
-1
-2
-3
-2
-3
-2
-1
0
-1
-1
0
0
1
1
1
1
1
0
2
1
0
1
2
2
2
2
2
2
2
2
1
1
1
0
2
0
0
1
0
0
0
1
2
0
0
-1
-1
-1
-2
-1
-1
-1
-2
-1
-1
-2
-2
-2
-1
0
0
-1
-1
-2
0
-1
-1
-2
-1
-2
-1
0
1
1
2
3
3
4
4
2
2
2
1
0
1
0
0
1
0
-2
-1
-1
-2
-2
-1
-1
-1
0
-1
-1
-1
-1
-2
-3
-3
-2
-1
1
1
0
0
1
1
1
0
-1
-1
0
0
1
1
2
3
2
2
2
2
2
4
3
2
1
1
1
-1
-1
-1
-1
0
0
0
1
0
-2
-4
-5
-5
-5
-5
-4
-4
-2
-3
-3
-2
-2
-2
-1
-2
-2
-2
-2
-1
0
0
1
2
1
2
3
3
4
4
4
3
2
2
3
2
2
2
2
4
4
5
4
3
3
2
2
0
-1
-1
-2
-2
-1
-1
-1
-2
-3
-4
-2
-3
-2
-2
-3
-2
-2
-1
0
0
0
0
0
-1
0
0
-1
-1
-1
-1
-1
-1
1
1
1
1
2
2
1
1
-1
-1
-1
-1
-2
-1
-2
-1
-1
-2
-1
0
-1
0
1
1
0
0
0
0
0
0
1
2
0
0
0
1
1
1
2
2
3
3
4
2
2
2
1
0
2
1
1
1
0
0
0
-1
-1
-1
-1
-1
0
1
-1
1
1
0
0
0
-1
0
-1
0
-1
-1
-2
-1
-3
-2
-1
-2
-2
-1
-2
-2
-1
-1
1
1
2
1
1
-1
-1
-2
-2
-1
-1
-1
1
1
0
2
1
3
1
2
0
-1
-3
-2
-2
-1
0
1
0
0
0
-1
-2
0
1
1
0
1
2
2
1
0
1
1
2
2
2
2
3
2
1
0
0
1
1
2
1
1
1
0
0
-1
-1
0
1
1
1
0
-1
-1
-1
-2
-2
-2
-4
-3
-4
-3
-2
-1
-1
0
0
-2
-1
-2
-2
-2
-2
-3
-2
-1
1
1
2
0
0
-1
0
-1
-2
-1
-1
-1
1
2
3
2
2
3
3
3
2
2
1
2
2
2
2
2
1
1
1
3
1
1
1
1
0
1
1
0
0
-1
0
0
1
0
0
-2
-3
-2
-3
-2
-3
-2
-2
-1
0
-1
0
0
0
-1
-1
-1
-1
-1
-3
-3
-2
-1
1
1
2
2
3
3
2
3
2
1
2
1
0
-1
-1
-1
-2
-2
-2
-2
0
0
-1
-1
-1
-1
-1
-1
-1
0
-1
0
2
3
1
2
2
0
1
1
0
0
0
1
1
1
0
1
1
2
3
2
2
1
1
1
0
-1
-1
0
0
0
-1
-2
-1
-1
0
0
0
-2
-2
-1
0
-1
-1
-2
-2
-2
-2
-2
-1
-1
-3
-2
-3
-1
-1
-1
-1
-1
0
1
1
0
0
2
1
0
1
2
2
3
3
3
3
4
5
4
3
4
4
3
2
2
2
1
0
0
-1
1
0
0
1
2
2
2
1
0
0
0
0
-2
-3
-4
-4
-3
-3
-1
-1
0
1
0
0
-1
-1
-1
-3
-3
-4
-3
-2
-1
0
0
0
-1
0
0
0
1
1
1
1
0
-1
-1
0
1
2
2
2
2
3
2
2
0
1
1
-1
-1
-2
-2
-2
0
1
1
0
0
0
-1
-1
0
0
1
0
0
0
1
1
1
2
2
3
1
1
1
2
1
1
2
1
1
0
1
0
2
2
2
2
1
1
1
3
2
1
0
-1
-2
-3
-3
-3
-3
-2
-3
-2
-3
-3
-4
-3
-3
-2
-2
-2
-2
-1
-1
0
0
0
0
1
0
1
1
1
1
1
1
-1
-1
0
1
1
0
0
0
1
1
1
0
0
-1
-1
0
0
1
2
2
3
3
2
3
1
1
1
0
1
2
0
0
2
2
1
2
2
3
1
1
0
-1
0
-2
-2
-2
-1
-2
-1
-1
-2
-2
-2
-3
-2
-2
-2
-2
-1
-1
-2
-2
-2
0
0
0
0
-1
-1
-1
-1
0
0
0
0
0
1
1
0
2
2
2
1
1
1
1
0
1
0
0
-1
-1
-2
-1
0
1
0
1
0
0
-1
-1
0
-1
-2
-1
-1
-1
-1
0
1
-1
0
-1
-1
0
0
-1
-1
0
0
1
2
2
3
1
3
4
4
4
2
1
1
1
0
0
-1
0
0
0
0
-2
-1
-1
-1
-1
0
-1
-1
-1
-1
0
1
0
1
0
1
1
1
-1
-1
-2
-1
-1
-2
-2
-2
0
0
2
3
2
2
3
1
0
0
-1
1
1
0
-1
0
0
1
0
1
2
1
1
0
0
-1
0
0
0
0
1
1
1
1
1
1
1
2
1
0
0
-2
-1
-1
-1
-1
-1
-2
-2
-2
-1
-1
0
-1
-2
-3
-3
-4
-4
-3
-3
-2
-1
0
0
0
0
-1
0
-1
-1
0
-1
-1
0
1
3
3
4
3
3
2
2
1
1
0
1
2
2
2
2
2
3
3
3
2
2
2
0
1
1
0
-1
-1
-1
-2
-1
-1
0
-1
-1
-2
-1
-1
-2
-3
-2
-2
-2
-1
-2
-2
-1
-1
-1
-1
-1
-2
-2
-2
-4
-3
-3
-1
0
0
0
1
2
3
3
2
2
3
2
3
1
1
1
1
1
0
1
1
1
1
0
-1
-1
-1
-1
-1
0
-1
-2
-2
-1
-1
1
1
1
1
2
1
2
0
2
2
1
2
2
2
1
2
1
1
0
0
1
0
1
2
3
2
3
2
1
-1
0
-1
-3
-3
-4
-4
-3
-4
-3
-3
-3
-3
-1
-2
-1
-2
-2
-1
-2
-2
-1
-1
-2
-1
-1
-1
0
-1
0
0
1
0
1
1
2
2
2
2
2
3
2
2
1
2
1
1
1
1
1
2
0
1
0
0
0
0
1
1
1
0
1
-1
-1
-1
0
-1
-2
-2
-2
-2
-1
-1
-1
-2
-1
0
1
0
-1
0
-1
0
1
1
1
0
0
1
0
1
0
0
0
-1
-1
-2
-2
-1
0
0
0
1
0
0
1
1
2
2
1
1
0
0
0
-1
-1
0
0
-1
1
-1
0
0
1
0
1
1
0
1
1
2
1
1
1
1
1
1
1
1
0
0
1
0
0
0
-1
-1
0
0
1
0
0
-1
0
0
0
0
-1
0
0
0
-1
2
0
2
1
-1
-1
0
-1
0
-1
0
1
1
1
1
0
0
1
-1
0
-2
-1
-1
-2
-1
0
-1
-1
-2
-1
-1
-1
-1
-1
-1
-1
-1
-1
-1
-1
-1
0
-1
0
0
0
-1
0
-1
-3
-1
-1
-1
0
1
2
1
2
2
3
2
1
1
3
2
2
3
3
2
1
1
1
1
0
-1
0
0
0
0
0
-1
-1
-1
-2
-1
0
-1
-1
-2
-1
-2
-1
-1
-2
-2
-1
-1
0
0
0
0
1
0
1
2
1
1
1
2
2
1
0
0
0
0
-1
0
0
-1
0
0
0
-1
-2
-1
0
0
0
1
0
-1
0
0
-1
0
0
0
-1
-1
-1
1
0
0
0
-1
2
3
1
0
1
2
2
2
2
2
1
1
0
0
0
0
-1
-1
0
-1
-1
-2
-2
-2
0
0
0
0
-3
-2
-2
-2
0
-1
-1
0
-1
-1
-1
-1
-1
-1
-1
-1
0
0
0
0
0
-1
0
-1
-1
0
0
1
2
2
2
1
0
1
2
2
2
1
1
0
1
1
2
2
1
1
2
1
1
1
0
-1
-1
0
0
-1
-1
-1
-1
-1
0
-2
-1
-1
-1
0
1
2
1
2
2
1
1
0
-1
-2
-2
-3
-4
-2
-3
-2
-2
-2
-1
-2
0
1
0
0
1
0
-1
-1
0
0
0
1
1
2
2
2
1
1
1
0
1
1
0
1
2
1
0
1
1
0
0
1
1
0
0
0
0
0
0
-1
-1
0
-1
-1
0
0
0
1
2
2
2
2
2
2
2
1
1
0
-1
0
-1
0
-1
-1
-1
-1
-1
0
1
-1
-1
-1
-3
-2
-3
-1
-2
-1
-1
-3
-2
-1
-2
-2
-1
-2
0
0
1
0
0
0
0
2
2
2
3
3
3
5
4
3
3
3
3
2
1
0
0
-2
-2
-2
-2
-1
-1
-1
1
1
0
1
0
1
0
1
2
1
1
1
2
1
2
2
2
2
2
1
-1
-1
0
-1
-1
-1
-2
-2
-2
-1
-1
-2
-3
-2
-2
-2
-2
-2
-2
-1
0
0
0
-1
0
0
-1
-2
-1
-1
0
-1
0
-2
-1
0
0
0
1
1
0
2
1
1
2
1
2
2
2
3
3
2
2
1
2
1
1
1
1
0
0
-1
-1
-1
-1
0
0
1
0
0
0
0
1
1
2
1
1
0
-1
-1
-2
-2
-2
-1
0
-1
0
-1
-3
-3
-4
-2
-2
-2
-1
0
2
0
0
1
2
2
3
1
2
0
0
1
1
1
-1
0
-1
0
0
0
-1
0
-1
-1
-2
-3
-3
-2
-2
-1
0
1
1
2
2
1
1
2
0
0
-2
-2
-1
-1
-1
1
3
5
3
2
1
1
-1
-2
-1
0
-1
0
1
2
1
1
1
1
0
0
0
0
1
2
1
0
0
-1
-1
0
0
0
0
0
-1
-1
0
0
0
-1
-2
-3
-2
-1
0
0
-1
-2
-2
-2
-2
-1
-2
-2
-2
-1
0
1
2
2
2
2
1
2
1
2
1
2
1
0
-1
-1
-2
-2
-1
0
1
2
3
4
4
3
2
2
1
1
1
0
2
1
1
-1
-1
0
-1
-1
0
-1
0
0
0
0
0
1
0
0
0
2
1
1
1
1
-1
-2
-2
-3
-3
-4
-3
-3
-3
-3
-2
-1
0
1
2
1
0
-1
-1
-1
-1
0
-1
-1
-1
-1
-1
-1
-1
-1
-1
-1
-1
1
0
0
0
1
3
2
2
3
4
2
2
3
1
1
0
0
-1
-1
-1
0
-1
1
1
0
0
0
-1
1
1
2
1
1
0
2
1
1
0
-1
-1
-2
-3
-3
-4
-3
-3
-5
-4
-4
-4
-2
0
-1
-1
-1
-1
1
1
1
2
2
1
1
2
2
2
2
1
1
1
2
1
1
0
0
-1
-2
0
-1
1
1
1
1
0
-1
-2
-1
-1
-2
-1
0
0
1
2
2
2
3
3
4
4
2
1
0
-1
-1
-1
-1
-1
1
1
2
2
2
1
1
1
0
0
-1
-1
-1
-3
-2
-2
-2
-2
-3
-2
-2
-3
-3
-4
-4
-2
-2
-3
-2
-2
-2
-2
-1
-1
0
0
0
0
1
1
1
1
1
0
0
0
1
0
1
2
0
0
0
-1
-1
1
1
2
2
4
3
3
3
3
3
0
1
1
1
1
0
-1
-2
-1
0
-1
0
0
0
0
1
-1
0
0
0
1
1
1
1
2
3
2
0
-1
-2
-1
-1
-1
-1
-1
-1
-1
-2
-2
-1
-1
-1
0
0
-1
-1
0
0
0
-1
-1
0
0
1
1
-1
0
0
-1
-1
1
1
1
2
2
1
1
0
0
-1
-1
-1
0
0
0
1
1
0
0
0
0
-1
-1
-1
-1
-1
-2
-1
1
0
1
0
-2
0
-1
0
0
1
1
1
1
1
0
0
-1
-1
-1
0
1
2
2
2
2
2
2
2
2
3
3
2
0
0
0
-2
-3
-2
-2
-2
-3
-3
-2
-1
-2
1
0
0
0
0
-1
-1
-2
-2
-1
-1
-2
-1
-1
-1
-1
1
0
1
3
2
2
2
1
0
1
1
1
1
1
1
2
0
1
0
1
1
1
0
1
2
1
1
1
0
0
0
1
0
0
0
-1
-2
-1
-2
-2
-3
-3
-3
-3
-3
-2
-1
-1
-2
0
-1
0
-1
0
0
0
0
-2
0
0
0
2
2
3
3
2
2
0
0
0
-1
-1
-1
-1
-1
0
1
0
2
2
1
1
0
0
-1
0
0
1
2
1
1
0
-1
1
0
1
0
0
0
0
0
0
0
-1
-1
1
2
2
4
4
2
2
0
-1
-1
-2
-1
-1
-1
0
1
1
0
-1
-2
-2
-2
-3
-3
-2
-2
-2
-1
-1
-1
-1
1
-1
0
1
-1
0
1
-1
-2
-2
-3
-3
-3
-1
-1
1
1
1
1
3
2
1
1
0
1
1
2
3
3
4
2
2
0
0
1
0
-1
-1
-2
-1
-1
0
2
1
1
1
1
1
0
1
1
1
0
1
0
-2
-3
-2
-2
-1
0
0
0
-1
-1
-1
0
0
0
-2
-2
-2
-3
-4
-4
-4
-3
-3
-2
-1
0
0
0
-1
0
-1
0
1
2
4
4
2
3
2
1
1
2
1
2
2
2
1
2
2
2
4
4
3
3
2
2
1
-1
-1
-1
0
-1
0
0
1
1
0
-1
-1
-2
-2
-2
-3
-3
-4
-4
-2
-3
-1
-1
0
1
1
1
0
1
0
1
0
0
0
1
0
-2
-2
-1
-2
-2
-1
-1
-1
-2
0
1
1
1
0
1
1
2
2
1
1
3
1
1
1
1
1
1
-1
-1
-1
-2
-1
0
0
0
0
1
0
1
1
1
0
-1
0
0
0
0
0
0
1
0
2
1
0
0
0
0
1
0
0
0
1
1
0
0
-1
0
0
1
2
2
0
-1
0
0
-1
-3
-1
-2
-2
-1
1
1
1
1
0
0
0
0
-1
-2
-2
-1
-1
-1
-2
-1
-1
1
1
0
1
0
1
0
0
0
1
0
-1
1
0
0
1
1
-1
0
0
-1
0
0
-1
0
-1
-1
0
0
1
1
1
1
1
2
2
1
2
3
3
3
3
2
1
0
-2
-2
-1
-1
-1
0
-1
-1
-1
0
-1
-1
-1
-3
-2
-2
-2
-1
0
-2
-2
-1
-1
-1
-1
-1
0
-1
0
0
0
1
0
-1
1
2
1
1
1
0
1
0
-1
-1
-2
0
0
-1
-1
-1
-1
-1
-2
-1
-1
-1
1
4
4
4
2
1
0
-1
-2
-2
-2
-1
0
0
2
2
2
3
3
3
2
2
2
0
0
0
-1
0
0
0
0
0
1
2
0
0
0
-1
0
1
1
-1
0
-1
0
-3
-2
-2
-2
-2
-3
-3
-2
-2
-2
-2
-2
-1
-1
-1
-1
0
0
0
1
1
2
2
1
1
1
2
2
3
3
3
3
2
2
2
2
2
2
1
1
2
0
0
-1
-1
-2
-3
-3
-4
-4
-3
-3
-4
-3
-1
-1
1
1
2
1
1
1
2
2
2
2
2
2
1
1
2
0
1
0
0
0
0
0
1
0
0
0
1
2
1
1
0
0
-1
-1
-1
-2
-2
-2
-2
-2
-3
-2
-1
-1
-2
-1
-1
-1
0
0
0
0
0
0
1
1
1
2
0
0
0
1
0
1
0
1
0
0
0
-1
1
1
2
2
1
0
1
0
1
1
0
1
0
0
-1
-2
-1
-2
0
0
-1
1
1
0
0
-1
-1
-1
-3
-2
-3
-3
-3
-1
-1
0
-1
0
0
0
-2
-2
-2
-1
0
0
2
3
4
3
4
3
3
3
3
2
1
1
-1
0
-2
-2
-2
-2
-1
-1
-2
-3
-4
-4
-2
-2
0
0
0
1
1
3
2
2
2
1
0
-1
-1
-1
-1
0
0
1
1
2
2
2
1
2
2
2
2
2
2
2
1
1
0
-1
0
0
-1
-2
-2
-2
-2
0
1
1
1
0
-1
-1
-2
-1
-1
-2
-3
-4
-5
-6
-6
-5
-1
-1
1
1
2
2
0
1
0
-1
0
0
0
1
0
-1
1
0
1
1
2
1
2
2
2
2
2
3
1
1
0
0
0
-1
0
0
0
-1
1
2
1
2
0
0
-1
-1
-1
-2
-2
0
-1
0
1
0
0
1
0
1
1
1
0
1
2
0
-1
-1
-2
-1
-1
-1
-1
-2
-1
-1
-1
-1
0
1
1
2
3
3
3
3
2
2
1
0
-2
-3
-4
-4
-2
-2
-1
0
-1
1
2
3
3
2
2
1
-1
0
-2
-2
-4
-3
-3
-2
-1
0
1
2
3
2
2
1
2
1
1
0
0
0
0
0
0
0
1
1
2
2
0
0
1
1
0
-1
-1
-1
-1
-3
-4
-4
-3
-3
-1
1
1
2
1
2
3
2
1
1
1
0
-1
0
0
-1
0
-1
-1
-1
-1
-1
-1
1
2
2
2
0
0
-1
-1
0
-1
-1
-1
0
1
0
1
1
1
2
2
1
0
-2
-3
-3
-3
-1
-1
0
0
0
0
0
0
0
0
0
2
0
0
-1
0
0
0
0
-1
-1
-1
-1
0
0
1
1
-1
0
0
1
2
1
0
-1
-1
0
0
0
0
1
1
2
2
1
2
1
0
-1
0
-1
-1
-1
-1
-2
-1
-2
-1
-1
1
0
0
1
3
3
4
2
1
1
-1
-2
-3
-3
-4
-2
-2
-1
1
1
2
2
2
3
3
3
2
1
0
0
1
2
2
1
1
1
-1
1
-1
0
-1
-2
-2
-2
-3
-4
-3
-1
-2
-3
-2
-3
-3
-2
-2
-2
-1
-1
-2
-2
-2
-1
-1
0
1
3
2
2
0
-1
-1
0
0
0
-1
0
1
1
3
4
6
5
4
4
3
1
0
-1
0
0
-1
-1
-1
-1
-1
-1
-1
-1
0
0
1
1
1
2
2
2
3
2
1
0
-1
-2
-1
-2
-1
0
-1
-1
-1
0
0
0
-1
0
-1
-3
-4
-3
-2
-1
0
0
0
0
1
1
0
0
0
0
-2
-1
0
0
-1
-1
-1
0
0
2
1
1
0
0
-1
-1
-2
0
1
0
1
-1
0
-1
-1
1
2
3
3
4
4
4
4
3
1
0
-1
-2
-3
-2
-2
-3
-2
-1
1
2
3
3
3
3
4
1
1
-1
-1
-3
-3
-2
-3
-3
-3
-1
1
2
4
3
3
2
1
0
-2
-2
-3
-3
-3
-2
-1
-1
-1
-1
0
-1
0
-1
0
-1
0
1
1
0
-1
-3
-4
-4
-3
-2
-1
-2
0
-1
-1
1
2
2
3
5
5
4
3
2
0
-1
-1
-2
-3
-2
-1
1
2
3
5
4
4
4
3
4
2
2
0
0
-3
-4
-3
-3
-3
-4
-1
0
1
1
2
1
-1
-3
-3
-3
-3
-4
-3
-3
-3
-3
0
1
1
1
0
1
1
1
1
0
0
0
0
0
0
0
1
1
0
0
0
-1
1
1
2
1
1
0
0
-1
-1
-1
-1
-1
1
1
1
1
0
1
1
1
3
2
3
3
1
0
-1
-2
-2
-1
-2
-2
0
0
-1
1
0
0
1
1
0
-1
-2
-3
-4
-3
-4
-4
-4
-3
-3
0
1
2
3
1
0
-1
-1
-1
0
-2
-2
-1
-1
-1
0
1
0
2
2
2
2
1
0
-1
-2
-3
-3
-2
0
1
1
3
3
3
1
2
2
1
0
1
1
2
3
2
2
2
1
0
-1
-3
-3
-2
-1
-1
0
2
2
3
3
3
2
3
1
-1
-2
-4
-3
-3
-2
0
-1
-1
0
1
0
1
0
-1
-1
-2
-2
-2
-2
-3
-3
-3
-2
-4
-3
-2
-2
-1
-1
1
0
-1
0
1
1
1
1
1
0
1
2
1
3
2
2
2
2
2
1
1
1
0
0
0
0
2
1
2
1
0
0
-1
-1
-1
1
0
1
0
-1
-1
-3
-2
-3
-3
-2
-1
-1
0
1
2
3
4
5
3
2
2
3
2
2
0
0
-2
-3
-2
-1
0
1
0
1
0
-1
-1
-1
-2
-1
0
0
0
0
-1
-3
-4
-3
-4
-3
-4
-5
-3
-3
0
0
0
0
1
1
1
1
2
1
0
1
1
2
1
3
3
3
4
4
3
4
3
1
1
0
0
-1
0
2
1
1
-1
0
-1
1
1
0
0
1
-1
-2
-3
-3
-3
-5
-5
-4
-3
-3
-1
-2
-1
-2
-1
0
1
2
1
1
0
0
-2
-2
-1
-1
0
-1
0
0
0
1
2
3
5
6
5
4
2
2
1
1
0
0
0
1
1
1
1
0
2
2
0
1
0
-1
0
0
-1
-1
-3
-2
-1
0
0
1
0
2
1
0
-1
0
-1
-1
-1
-1
-1
-2
-2
-2
-3
-2
-1
-1
0
0
0
0
-1
1
1
0
0
0
-2
-2
-2
-1
0
-1
-1
-1
-2
0
0
1
1
1
0
1
-1
0
-1
-2
-2
-1
-2
-3
-2
-3
-2
0
0
1
2
2
3
4
3
2
3
1
1
1
1
0
-1
0
0
-1
0
1
1
0
1
2
1
1
1
1
1
1
2
2
1
1
0
1
0
1
2
2
2
1
0
1
1
0
-1
-1
0
-1
0
-2
-2
-3
-4
-4
-5
-5
-3
-3
-2
-1
-3
-3
-3
-3
-2
-2
-1
-1
-1
-1
-1
-1
0
1
2
3
4
3
3
3
3
3
3
3
2
1
2
2
2
3
2
2
2
2
2
3
3
2
2
1
2
1
1
-1
-2
-2
-2
-3
-2
-1
-2
-2
-2
-1
0
0
0
0
2
0
-1
-2
-2
-3
-3
-2
-3
-2
-2
0
1
2
2
1
1
1
0
0
1
1
1
1
0
-1
-2
-2
-1
-1
0
0
1
0
1
-1
-1
-2
-3
-3
-2
-2
-2
-2
-2
-2
0
0
1
0
2
3
1
1
1
1
1
1
1
0
1
1
1
1
0
0
1
1
0
1
2
4
3
4
2
1
1
0
-1
-1
-1
-2
-1
-2
-2
-2
-2
0
0
0
-1
-1
-2
-2
-2
-2
-3
-2
-2
-1
-2
-1
0
0
-1
-2
-1
0
0
0
1
1
2
2
1
2
0
0
0
-1
-1
0
0
0
-1
1
2
1
1
2
1
2
1
0
1
0
0
0
-2
-1
-1
-1
0
2
2
3
2
2
2
0
0
-2
-3
-1
-1
0
-1
-1
0
-1
0
0
-1
-1
-2
-2
-1
-1
-2
-2
-3
-4
-2
-2
-1
0
