SAMPLES:	16348
BITSPERSAMPLE:	16
CHANNELS:	1
SAMPLERATE:	16000
NORMALIZED:	FALSE
261
169
44
-144
-286
-283
-178
-34
163
280
251
157
1
-185
-287
-247
-137
22
218
317
269
120
-72
-251
-323
-253
-127
54
269
367
273
84
-116
-287
-312
-225
-104
103
317
360
226
31
-184
-317
-299
-216
-65
181
363
358
216
-1
-219
-316
-305
-226
-31
217
357
333
169
-64
-237
-309
-303
-180
50
273
380
319
109
-114
-256
-335
-304
-128
111
310
386
284
57
-141
-280
-352
-278
-71
152
320
365
224
8
-174
-310
-345
-215
5
196
339
351
184
-37
-222
-353
-343
-161
42
215
360
338
153
-67
-253
-365
-301
-107
69
241
362
303
103
-113
-290
-364
-257
-67
107
273
362
275
66
-135
-291
-326
-200
-23
136
276
313
191
-3
-186
-319
-311
-158
32
192
306
308
181
-1
-190
-311
-283
-118
50
166
240
231
119
-65
-228
-300
-221
-32
118
209
273
257
104
-103
-261
-313
-203
-35
79
168
249
221
51
-123
-252
-260
-119
31
131
221
277
176
-14
-187
-308
-283
-137
21
137
242
281
165
-2
-163
-271
-237
-85
62
163
255
250
120
-54
-234
-328
-255
-78
70
182
272
257
136
-55
-243
-303
-194
-19
106
198
252
214
65
-155
-315
-309
-152
35
153
231
280
225
24
-212
-332
-290
-114
61
161
249
307
208
-36
-253
-345
-271
-81
69
169
286
321
168
-81
-282
-342
-224
-48
87
215
310
278
90
-162
-330
-323
-188
-13
157
285
329
246
18
-236
-362
-328
-188
17
213
319
330
213
-33
-259
-346
-306
-154
69
242
314
295
145
-92
-277
-332
-262
-78
142
288
325
254
69
-169
-326
-347
-240
-25
210
334
327
224
20
-212
-344
-341
-215
25
256
332
295
184
-28
-246
-349
-334
-173
106
296
325
282
147
-80
-276
-366
-318
-97
172
299
305
251
93
-133
-310
-371
-255
2
212
291
295
215
31
-192
-355
-356
-170
65
227
304
299
187
-17
-247
-376
-301
-101
82
229
309
274
140
-78
-302
-345
-206
-53
107
260
303
239
74
-182
-335
-283
-168
-38
138
276
310
226
10
-214
-273
-209
-128
-3
157
269
266
116
-120
-269
-277
-216
-109
41
219
348
306
120
-61
-179
-216
-176
-114
-6
158
222
118
-31
-142
-210
-186
-102
-16
138
299
294
164
24
-126
-212
-196
-169
-85
86
183
157
85
-30
-134
-143
-118
-74
50
168
198
174
69
-85
-154
-167
-171
-96
16
89
164
168
50
-46
-70
-99
-84
-10
35
99
179
120
-16
-77
-118
-149
-106
-60
-19
100
166
91
21
-2
-44
-56
-32
-31
17
104
94
23
-18
-59
-94
-91
-82
-54
27
91
96
71
35
-15
-55
-78
-74
-37
14
62
88
71
30
-20
-75
-86
-52
-30
-1
64
89
62
20
-55
-104
-63
-29
-31
29
108
116
81
8
-84
-92
-52
-67
-58
35
112
124
84
-2
-59
-41
-43
-87
-67
28
106
111
52
-21
-45
-40
-73
-109
-60
55
127
107
42
-14
-36
-53
-97
-112
-35
76
120
90
34
-2
-25
-62
-102
-88
-3
85
108
73
31
7
-27
-79
-106
-71
5
78
93
57
33
14
-40
-90
-93
-61
10
87
89
53
41
-4
-70
-89
-86
-63
27
98
82
64
42
-30
-71
-73
-87
-42
58
93
83
74
16
-51
-64
-79
-87
-24
55
76
77
58
-1
-40
-44
-66
-73
-12
48
59
62
37
-14
-31
-31
-64
-56
8
40
54
65
30
-9
-19
-44
-65
-34
2
31
65
60
21
2
-23
-60
-55
-36
-18
40
76
44
27
20
-33
-60
-48
-60
-24
57
62
29
45
21
-38
-46
-53
-64
7
69
49
42
50
-3
-55
-63
-83
-63
28
72
61
68
48
-20
-57
-71
-90
-46
41
69
70
74
38
-22
-52
-73
-80
-29
34
53
61
62
23
-29
-47
-53
-51
-7
39
42
45
44
-7
-55
-45
-37
-35
12
46
41
51
35
-27
-51
-34
-40
-31
10
26
31
46
24
-18
-20
-6
-18
-15
2
-2
3
16
6
-10
5
18
0
-10
-11
-25
-16
11
11
12
30
28
3
-15
-38
-48
-17
13
18
24
37
31
8
-24
-51
-44
-10
21
29
28
41
47
7
-56
-67
-42
-16
19
37
39
63
67
-3
-81
-83
-53
-28
2
36
72
94
60
-32
-84
-79
-57
-23
15
51
87
94
33
-71
-111
-56
-47
-54
27
115
132
68
16
-64
-151
-133
-26
24
16
104
154
87
-17
-82
-80
-98
-74
-7
36
73
128
127
0
-111
-139
-99
-45
-13
74
138
131
69
-43
-114
-129
-89
-36
12
52
111
168
80
-50
-124
-138
-102
-67
14
108
171
150
49
-77
-159
-121
-76
-18
62
139
192
115
-4
-99
-138
-156
-108
-4
93
200
178
109
13
-122
-175
-165
-111
0
154
209
154
81
-29
-142
-203
-155
-63
36
146
172
158
89
-49
-172
-195
-149
-83
92
197
204
148
41
-91
-223
-164
-103
-27
105
163
211
181
-2
-142
-193
-204
-112
6
180
230
162
71
-69
-146
-168
-151
-59
48
127
146
159
99
-65
-166
-198
-185
-91
49
260
373
69
-168
-178
-91
-10
-104
-24
92
65
56
172
79
-151
-184
-242
-163
-70
12
199
188
20
-196
-317
-302
-166
-56
1
20
-41
33
-1
-106
-141
-172
-167
-119
-20
62
185
154
43
-26
-189
-174
-2
90
166
204
175
151
95
-3
1
6
12
94
176
241
246
208
79
2
-29
-56
38
106
178
273
217
112
36
-24
4
25
64
139
214
213
205
208
130
56
22
69
116
202
278
306
266
131
73
47
55
51
89
167
152
121
62
4
-76
-132
-165
-191
-173
-166
-149
-121
-252
-361
-484
-524
-637
-561
-416
-624
-572
-534
-615
-825
-805
-817
-834
-809
-648
-646
-684
-559
-672
-574
-533
-611
-493
-332
-160
-73
-37
153
136
55
187
238
263
463
546
673
786
670
821
716
640
747
780
934
1009
1230
1262
1182
1363
1372
1053
965
1518
1861
1483
1351
1664
1568
1067
1171
1463
1069
680
896
948
363
215
485
171
-541
-697
-600
-927
-1096
-976
-1142
-1620
-1834
-1843
-2022
-2174
-2115
-2072
-2183
-2354
-2144
-1751
-2182
-2190
-1941
-1770
-1504
-1673
-1266
-856
-912
-828
-432
-508
-469
-87
13
303
284
467
845
706
598
776
773
747
924
935
986
918
807
937
743
445
551
595
463
435
325
398
381
146
155
74
-93
136
248
72
103
102
269
334
235
330
420
608
841
1449
1570
989
962
1654
2370
1986
1705
2332
2490
1898
1762
2480
2488
1762
1671
1920
1307
631
1210
1507
524
-293
-106
-172
-974
-1116
-876
-1367
-2195
-2318
-2318
-2835
-2961
-2789
-2999
-3604
-3793
-3567
-3523
-3575
-3570
-3552
-3609
-3553
-3314
-2967
-2654
-2534
-2372
-2121
-1804
-1139
-876
-630
-49
359
850
1070
1286
1905
2298
2263
2591
2927
3088
3355
3320
3406
3318
3062
3175
3208
2935
2732
2643
2347
2047
1592
1251
1116
682
334
56
-301
-526
-753
-1062
-1335
-1608
-1785
-1739
-1852
-1769
-1667
-1787
-1805
-1707
-1596
-1638
-1393
-1087
-957
-815
-687
-482
-218
-26
86
262
399
1006
1929
1727
1088
1342
2554
3037
2175
2077
3009
3083
2178
2398
3270
2784
1926
2121
2307
1196
677
1680
1690
120
-583
0
-360
-1449
-1476
-1147
-1972
-2851
-2594
-2659
-3432
-3518
-3167
-3641
-4470
-4368
-3882
-3908
-3999
-3884
-3795
-3884
-3751
-3345
-2893
-2686
-2211
-1595
-1551
-1216
-903
-144
584
794
1157
1420
1798
2256
2894
3148
3210
3325
3431
3665
3612
3824
4033
3833
3382
3141
3100
2904
2757
2371
2084
1497
977
964
723
341
-140
-515
-812
-1158
-1380
-1358
-1351
-1803
-1948
-1945
-2072
-1780
-1692
-1539
-1644
-1680
-1337
-1232
-949
-657
-496
-529
-464
-229
-41
267
332
458
349
342
853
1688
2231
1283
765
1587
2632
2430
1789
2441
2849
2120
1480
2205
2703
1840
1413
1728
1254
105
411
1495
700
-875
-1010
-521
-1334
-2135
-1555
-1477
-2574
-3251
-2939
-3153
-3727
-3417
-3097
-3774
-4478
-4069
-3474
-3516
-3579
-3278
-3222
-3488
-2993
-2269
-2139
-1688
-1068
-730
-796
-776
266
1132
1095
1210
1705
1984
2303
2716
3051
3122
2884
3068
3354
3203
3233
3567
3487
2974
2501
2491
2619
2272
1936
1755
1346
955
850
703
344
-100
-406
-571
-797
-1024
-924
-822
-931
-1270
-1530
-1345
-1143
-1009
-885
-920
-905
-738
-703
-663
-466
-276
-437
-363
-159
123
244
190
225
271
203
184
180
947
1986
1303
21
298
1774
2206
1155
1063
1895
1437
387
988
2109
1567
655
885
868
-414
-730
724
951
-778
-1585
-817
-942
-1924
-1702
-1073
-1818
-2956
-2758
-2361
-2777
-2788
-2203
-2511
-3643
-3650
-2662
-2330
-2547
-2437
-2214
-2431
-2466
-1680
-921
-964
-982
-628
-504
-357
243
1045
1237
861
851
1318
1716
1997
2374
2438
2130
1976
2273
2534
2451
2428
2482
2144
1695
1780
2078
2021
1589
1227
981
748
732
976
994
508
-16
64
166
-61
-223
138
62
-423
-644
-395
257
-207
-569
-428
-322
-240
-345
-385
3
-172
-175
-194
-424
-329
-75
167
-147
-269
-405
-121
137
453
833
223
-528
-254
949
1303
463
471
1178
868
-148
297
1557
1279
245
307
599
-151
-349
624
732
-671
-1432
-693
-615
-1434
-1351
-776
-1307
-2445
-2449
-1861
-2017
-2223
-1911
-2072
-2842
-2986
-2173
-1756
-2134
-2238
-2007
-2139
-2087
-1579
-960
-819
-1118
-920
-632
-552
-92
547
689
427
400
881
1348
1493
1649
1707
1556
1545
1784
2142
2217
2207
2210
1984
1738
1769
2155
2260
1795
1513
1573
1526
1334
1451
1594
1088
656
762
971
677
518
878
785
135
-223
64
214
487
47
-205
-273
-473
-14
-32
-56
-500
-776
-601
-453
-591
-568
-422
-696
-1064
-1072
-828
-863
-984
-847
-831
-761
-382
-510
-887
-736
129
331
-452
-428
452
694
61
53
756
664
39
265
764
253
-112
519
632
-311
-779
-62
129
-740
-987
-562
-730
-1383
-1316
-955
-1392
-1764
-1328
-1078
-1766
-2032
-1340
-992
-1504
-1788
-1303
-1093
-1208
-978
-658
-735
-905
-575
-238
-315
-276
218
489
309
332
675
933
904
944
1114
1154
1229
1393
1582
1587
1430
1447
1495
1356
1310
1571
1602
1327
1144
1283
1433
1112
940
1063
1067
916
806
889
676
782
766
787
274
407
334
317
413
161
118
137
90
19
-222
-491
-397
-218
-355
-690
-543
-399
-631
-970
-826
-811
-702
-862
-1011
-868
-629
-480
-459
-451
-659
-773
-380
64
41
-79
144
253
83
-16
276
534
295
144
162
179
83
91
305
105
-372
-554
-414
-420
-554
-579
-598
-854
-1152
-1098
-1015
-1214
-1283
-1212
-1291
-1490
-1459
-1196
-1010
-1157
-1290
-1251
-1196
-983
-728
-617
-585
-623
-508
-295
-91
15
33
76
220
330
449
659
824
916
929
984
979
1110
1396
1524
1433
1460
1502
1590
1756
1850
1500
1540
1669
1557
1632
1465
1312
1483
1506
1057
1129
930
629
859
957
828
40
313
853
264
58
-177
-125
-139
-135
-231
-596
-575
-546
-608
-966
-1196
-1158
-807
-1090
-1602
-1306
-1070
-1200
-1357
-1273
-1311
-1303
-1091
-697
-484
-521
-752
-786
-268
246
124
-46
336
575
213
149
790
1031
589
355
746
611
131
472
1004
540
-221
-117
131
-152
-279
-26
-121
-808
-1033
-718
-671
-971
-1090
-948
-1109
-1425
-1343
-988
-1051
-1265
-1243
-1360
-1490
-1278
-775
-603
-870
-1000
-794
-644
-542
-304
-142
-152
-123
216
553
627
579
893
980
838
862
1313
1668
1777
1837
1735
1474
1490
2027
2137
1795
1525
1565
1925
1853
1668
1452
1326
1257
741
628
914
959
642
583
597
61
-648
63
295
-759
-579
-136
-260
-650
-592
-378
-1055
-1141
-772
-951
-1335
-928
-908
-935
-942
-1159
-943
-1160
-1279
-1180
-710
-154
-451
-915
-636
134
260
-240
-232
406
556
-147
125
1038
1042
526
445
814
398
24
641
1065
394
-187
238
440
-182
-562
-109
-8
-808
-1138
-767
-739
-986
-985
-993
-1400
-1564
-1302
-1214
-1271
-1321
-1176
-1179
-1435
-1314
-1026
-887
-866
-864
-802
-748
-621
-272
-151
-345
-280
72
321
396
523
783
926
862
896
1112
1384
1550
1620
1688
1722
1966
2072
1938
1662
2051
1821
1221
2067
1863
1971
1605
857
986
834
798
901
301
24
371
393
37
-419
-437
-223
-397
-560
-729
-556
-266
-421
-425
-819
-901
-1049
-840
-573
-1102
-1237
-722
-533
-795
-917
-938
-1134
-865
-886
-518
4
-211
-517
-414
366
499
-155
-63
635
580
71
351
957
1024
605
508
598
189
-8
576
810
186
-266
-86
122
-249
-501
-370
-492
-926
-1062
-840
-905
-1115
-1087
-976
-1135
-1585
-1339
-1008
-1296
-1255
-1190
-1115
-1153
-1053
-650
-658
-986
-934
-698
-668
-403
-342
-262
-198
-223
158
360
221
302
587
772
765
779
1120
1385
1330
1540
1689
1436
1435
1826
2060
1895
1084
1594
1883
1630
1900
1290
1200
1023
1237
900
974
594
120
713
884
326
342
-224
-370
1
271
-421
-733
-584
-172
-58
-316
-744
-1171
-756
-344
-660
-1316
-1074
-662
-546
-624
-1066
-1193
-903
-1030
-714
-322
-647
-901
-327
548
518
-298
-310
544
691
12
19
806
1112
729
576
823
405
-163
287
823
234
-435
-88
384
101
-363
-394
-528
-1083
-1273
-969
-950
-1242
-1401
-1059
-945
-1463
-1764
-1484
-1320
-1185
-1303
-1468
-1297
-1057
-574
-393
-841
-1057
-796
-470
-217
-51
-106
12
210
445
661
522
551
768
870
949
829
937
1306
1491
1455
1456
1253
1084
1349
1633
1586
1400
1061
1348
1536
1458
1015
1054
921
822
734
762
1044
452
513
526
541
44
306
-237
-372
-29
-422
-56
-369
-403
-177
21
137
-937
-838
-383
-212
-598
-826
-821
-334
-136
-716
-1029
-1116
-410
204
-504
-1329
-842
384
926
110
-302
368
488
-140
-59
602
834
514
290
478
522
216
267
394
37
-352
-412
-254
-358
-407
-132
-104
-802
-1526
-1451
-891
-773
-1287
-1708
-1521
-1356
-1298
-1024
-1145
-1434
-1438
-1409
-1473
-1341
-1122
-573
-452
-708
-550
-814
-756
24
83
-250
-277
-150
490
1062
988
965
637
486
933
1095
1131
1372
1359
1439
1689
1538
1533
1513
1546
1492
1296
1036
1339
1033
1624
2006
1016
874
695
556
594
1129
435
207
365
919
691
-244
21
47
-418
-127
-170
-701
-559
23
-22
-358
-560
-885
-480
-223
-752
-1212
-999
-451
-600
-750
-574
-19
-93
-748
-1021
-597
370
170
-310
219
707
385
-34
308
680
573
239
108
78
82
566
929
603
-131
-509
-232
-188
-515
-682
-561
-499
-768
-1038
-1040
-924
-1159
-1499
-1688
-1934
-2021
-1667
-1082
-990
-1323
-1369
-1459
-1581
-1417
-1126
-842
-928
-980
-448
-71
27
196
82
-96
52
176
495
856
945
1346
1554
1277
1154
1164
1361
1517
1239
1195
1442
1497
1752
1966
1651
1114
966
996
1032
988
954
939
701
1054
1200
498
489
396
111
74
240
240
320
35
-104
180
42
-83
-601
-583
-144
-55
-754
-628
-226
185
-1
-533
-835
-839
-548
-556
-785
-934
-702
109
527
-568
-1273
-538
575
396
-499
-399
532
680
147
409
1088
1014
326
44
201
327
428
589
445
146
124
76
-263
-472
-394
-472
-741
-1072
-1293
-1115
-600
-550
-1348
-2050
-2044
-1837
-1826
-1891
-1795
-1788
-1645
-1383
-1436
-1547
-1370
-995
-1104
-1296
-1088
-538
-73
133
514
411
38
188
687
995
891
930
1215
1386
1476
1849
2038
1626
1347
1453
1565
1594
1473
1655
1790
1587
1327
1247
1029
985
1070
571
412
374
769
611
666
629
575
-429
-846
893
946
-469
-683
246
191
-81
-231
-98
-699
-74
-102
-854
-1276
-187
-38
-491
-697
-726
-218
-475
-662
-908
-637
196
420
-704
-1007
-175
1204
979
-404
-340
718
850
-94
-103
742
1385
1090
272
106
132
612
822
135
-572
-481
56
117
-114
-305
-458
-719
-1052
-1376
-1751
-1534
-958
-1176
-1686
-1774
-1632
-1680
-1793
-1782
-2034
-2284
-2152
-1690
-1226
-1070
-794
-775
-1277
-1182
-621
-405
-426
-143
246
630
772
1106
1483
1126
1015
1329
1173
1091
1538
2093
2362
2092
1745
1808
1664
1527
1563
1259
1152
1134
1316
1620
1661
1084
836
739
418
87
186
324
217
275
500
203
-196
255
-191
-453
-485
-461
-612
-734
120
351
-437
-456
-542
-787
-613
-654
-966
-964
-528
-137
-316
-683
-223
-341
-647
-771
-391
2
-453
-553
-27
1065
1171
351
66
585
680
42
183
857
1197
1182
942
878
543
456
576
192
-333
-515
-299
-67
166
148
-270
-757
-1165
-1440
-1686
-1669
-1447
-1411
-1441
-1507
-1512
-1555
-1749
-1973
-2194
-2290
-2328
-2094
-1592
-946
-249
-574
-1367
-1319
-761
-314
-418
-441
196
595
639
1176
1683
1385
1135
1042
1100
1213
1347
2030
2403
2204
2027
1969
1847
1614
1523
1467
1166
848
889
1364
1581
1331
939
502
-70
-64
124
187
27
-344
427
440
49
51
39
-317
-453
-700
-999
-640
27
-26
-135
-58
-190
-767
-1005
-454
-639
-1006
-684
-548
-35
-184
-338
-226
31
279
-378
-1024
-951
257
1202
838
726
1033
973
290
309
1199
1045
585
445
768
818
780
1162
770
121
-560
-705
-625
-533
-178
-226
-277
-619
-1124
-1430
-1476
-1311
-1721
-2333
-2617
-2390
-1863
-1605
-1413
-1754
-2256
-2440
-2281
-2118
-1944
-1176
-969
-1164
-1125
-539
223
-133
-406
-166
-121
-225
267
1247
1861
1922
1669
1750
1617
1530
1955
1965
1717
1536
1684
2216
2568
2397
2001
1742
1224
956
868
1090
1280
951
783
708
906
359
306
223
-126
-558
-931
-210
68
637
414
-30
-493
-826
-500
-632
-770
-958
-888
-391
-90
-160
-407
-425
-412
-615
-1074
-1343
-822
-185
101
-202
-281
474
764
-153
-777
-420
351
617
265
498
1300
1571
1082
649
642
669
533
148
121
380
779
1178
879
402
-52
-328
-551
-861
-1024
-1021
-781
-724
-731
-854
-1198
-1414
-1797
-2227
-2641
-2672
-2204
-1856
-1720
-1511
-1445
-1675
-1883
-1935
-1799
-1734
-1724
-1521
-806
-44
273
339
340
323
86
-35
349
936
1205
1342
1812
2275
2322
1986
1743
1780
1493
1217
1393
1809
2095
2210
2282
2107
1703
1148
871
793
747
280
220
681
896
781
585
731
-273
-426
-259
-379
-472
-422
-343
125
511
-38
-288
-336
-740
-1253
-973
-1000
-827
-924
115
1
-486
-353
-414
-766
-1030
-905
-921
-551
54
1076
744
178
113
687
883
131
-206
351
806
736
1023
1598
1683
1361
600
129
12
-27
110
23
273
457
338
49
-276
-486
-886
-1287
-1861
-1987
-1720
-1409
-1011
-1080
-1415
-1884
-2246
-2372
-2482
-2453
-2491
-2356
-1814
-1313
-1131
-1188
-959
-1078
-1485
-1412
-1113
-648
-406
160
829
1010
875
991
1353
1237
903
778
1173
1702
1944
2247
2458
2440
2158
1938
1805
1610
1368
1270
1383
1689
1705
1740
1662
1429
1036
492
230
-234
-45
271
352
-65
233
579
391
-119
-630
-517
-682
-875
-829
-550
-363
35
80
-438
-477
-812
-706
-1066
-1288
-870
-470
-276
-79
-5
-397
-162
-481
-596
45
-288
-668
-286
592
1459
1340
914
892
875
345
92
438
943
1359
813
584
825
919
981
506
-107
-609
-804
-765
-541
-318
-307
-400
-947
-1366
-1549
-1881
-1964
-2065
-2128
-2272
-2421
-2033
-1539
-1428
-1695
-1968
-2259
-2365
-2280
-1860
-1026
-1051
-1197
-905
-245
459
317
2
-10
99
51
377
1069
1734
2053
1756
1909
2067
1849
1726
1722
1847
1458
1326
1922
2475
2518
2304
2116
1469
809
655
843
826
653
679
863
928
1140
967
241
-440
-520
-608
-745
-950
-329
739
254
-409
-191
-174
-464
-961
-1015
-1264
-1479
-467
-143
-39
-201
-43
-358
-773
-1086
-1417
-945
-701
-490
-136
730
917
381
188
409
718
323
-103
155
699
1184
1317
1626
1880
1477
729
178
-72
-211
19
87
82
212
306
365
150
-314
-957
-1625
-2102
-2253
-1972
-1500
-1136
-1080
-1172
-1437
-2088
-2417
-2546
-2815
-2915
-2741
-2153
-1265
-729
-657
-540
-695
-1268
-1632
-1597
-1095
-515
-142
432
1143
1561
1812
1792
1304
741
441
644
1288
1704
2050
2686
2986
2815
2292
1852
1383
975
675
807
1168
1418
1989
2200
2284
1841
924
-53
-193
-349
-280
-243
-105
899
1225
1080
196
224
-341
-1419
-1792
-1331
-551
-628
-332
257
580
386
-172
-844
-1822
-1784
-1457
-1457
-976
-487
354
817
440
-240
-56
-81
-1186
-1530
-632
863
1500
1280
1798
2031
1426
368
-13
151
106
-21
15
771
1327
1687
1664
903
4
-940
-1496
-1603
-1410
-1068
-702
-369
-423
-626
-915
-1398
-2065
-2856
-3283
-3266
-2888
-2080
-1280
-921
-932
-1208
-1519
-1959
-2324
-2357
-1883
-1390
-1108
-336
507
1024
1020
704
383
-87
-481
-184
709
1297
1670
2107
2533
2764
2454
2051
1625
986
640
903
1594
2191
2328
2546
2696
2353
1561
857
447
418
192
-85
415
1144
1388
1251
1123
729
-201
-1086
-1142
-792
-741
-608
128
479
601
162
-101
-167
-1191
-1774
-1980
-1403
-767
-570
-271
-46
51
140
-439
-1291
-1592
-440
-182
-734
-759
367
1825
1836
1275
788
665
161
-318
76
651
1072
989
1161
1404
1093
1021
589
-7
-665
-1198
-1132
-705
-275
-263
-112
-172
-724
-1469
-2174
-2136
-2151
-2362
-2572
-2594
-2004
-1331
-1063
-1386
-1692
-2116
-2393
-2292
-2380
-1970
-1285
-897
-527
-195
82
265
60
-194
-225
-379
-223
585
1237
1746
1996
2107
2294
2008
1584
1598
1594
1226
1194
1682
2381
2545
2399
2490
2391
1815
1021
757
876
781
504
682
1467
1157
830
627
1050
363
-647
-850
-1010
-360
-54
106
-457
9
365
184
-394
-981
-1307
-1360
-1016
-896
-720
-418
277
311
-190
-783
-942
-1091
-751
-280
-434
-619
-353
708
1604
1290
537
419
345
-162
-267
333
1084
1241
814
738
955
902
607
91
-337
-647
-934
-892
-456
-91
-158
-317
-769
-1362
-1839
-2023
-1820
-1885
-2242
-2407
-2089
-1589
-1402
-1405
-1607
-1905
-2379
-2435
-2063
-1783
-1178
-932
-858
-609
-409
-118
74
-13
-179
-51
92
486
1154
1587
1852
1622
1532
1771
1710
1656
1826
1960
1837
1738
1945
2263
2336
1950
1693
1405
1162
1039
948
1049
1144
935
736
658
599
703
695
420
-49
36
214
624
467
-300
175
510
-302
-573
-261
18
-336
-459
-735
-816
-770
-503
-791
-1555
-993
-755
-1062
-1169
-961
-708
-557
-421
-480
-845
-1079
-606
234
363
152
406
873
830
331
290
671
842
508
157
345
787
1099
1058
702
271
-121
-382
-420
-450
-546
-516
-434
-508
-677
-852
-1025
-1170
-1516
-2021
-2261
-2085
-1807
-1481
-1247
-1267
-1379
-1516
-1543
-1832
-1766
-1386
-1167
-1133
-949
-208
331
351
123
76
98
-43
92
531
1039
1164
1253
1680
1812
1740
1650
1614
1373
1120
1246
1488
1788
1739
1800
1926
1561
1137
1051
1089
1006
761
598
1044
931
830
647
804
521
142
-252
-313
131
9
64
-103
-173
-391
-329
-376
-200
-746
-890
-895
-657
-425
-351
-475
-920
-673
-850
-910
-893
-711
19
574
96
-706
-372
854
932
120
-91
527
833
409
717
1332
1642
1174
291
-64
-221
102
398
407
200
-65
-188
-190
-7
-336
-939
-1333
-1753
-1854
-1619
-1212
-890
-1051
-1576
-2055
-2040
-2032
-2204
-2225
-2177
-2060
-1774
-1316
-1222
-850
-649
-859
-881
-1297
-1289
-609
-155
157
406
344
444
966
1341
1413
1075
743
1034
1197
1473
2026
2224
2041
1885
1804
1895
1998
1647
1458
1369
1295
1211
1222
1607
1597
1118
1177
844
591
403
310
196
90
274
101
-93
-262
-122
126
-1
-467
-673
-813
-529
-429
-432
-784
-1019
-626
-330
-153
-462
-293
-671
-814
-844
-825
-784
-43
464
-182
-320
178
941
965
473
134
275
401
117
250
912
1376
1401
888
475
245
363
440
134
-221
-593
-581
-281
19
13
-376
-835
-1365
-1779
-2081
-1944
-1579
-1579
-1840
-2010
-1782
-1559
-1546
-1789
-1935
-2187
-2524
-2224
-1873
-1268
-594
-749
-827
-733
-738
-430
-193
-232
-69
99
157
750
1317
1609
1675
1327
1183
1291
1327
1848
2262
2115
1960
1968
2065
2310
2221
1763
1632
1212
1032
1300
1801
1488
1059
1074
758
765
305
180
95
369
154
91
195
142
419
191
-243
-902
-861
-847
-482
-475
-543
-611
-467
-591
-675
-866
-1248
-998
-1092
-1277
-1284
-718
-162
588
640
-383
-915
-432
525
410
-313
-106
837
1352
885
883
1501
1643
908
37
-96
109
540
743
592
467
263
161
44
-192
-656
-994
-1094
-1443
-1622
-1489
-1093
-843
-1076
-1691
-2181
-2077
-1955
-2090
-2026
-2045
-2292
-2115
-1750
-1465
-1062
-1033
-1322
-1248
-1242
-1158
-649
-410
-367
-70
25
206
872
1431
1612
1383
1113
1218
1391
1435
1680
1934
1824
1755
2014
2423
2538
2229
1847
1496
1220
859
996
1021
1392
1253
1005
1383
1610
1225
677
663
253
-192
-534
-178
280
282
-11
372
266
-162
-545
-459
-499
-1179
-1329
-1086
-663
-356
-246
-285
-640
-838
-1075
-1281
-1394
-748
-41
-480
-790
-194
770
1174
789
154
36
99
-19
256
739
1075
1051
837
685
540
562
617
295
-209
-386
-416
-320
7
-23
-326
-661
-1096
-1452
-1473
-1344
-1246
-1195
-1532
-1929
-1976
-1751
-1694
-1776
-2050
-2383
-2187
-1871
-1552
-1062
-818
-948
-1235
-1293
-1123
-793
-442
-238
-109
62
384
808
1301
1412
1017
770
783
936
1253
1725
1959
1967
2002
2031
2138
2093
1930
1608
1347
1415
1251
1268
1927
2183
1626
1334
1124
1288
1167
674
497
408
221
-17
307
508
350
-114
93
-476
-902
-416
-279
-806
-1345
-694
-849
-955
-842
-759
-618
-724
-941
-1126
-1173
-999
-398
-122
-863
-1066
-551
191
806
608
632
656
707
202
88
577
776
693
459
673
659
856
1426
1211
552
-190
-632
-844
-657
-340
-295
-258
-581
-832
-812
-644
-772
-1447
-2187
-2696
-2624
-2137
-1710
-1398
-1298
-1643
-1672
-1686
-1824
-1738
-1795
-1851
-1815
-1592
-1089
-281
150
113
194
-22
-142
53
319
701
770
949
1195
1516
1717
2074
2170
1757
1595
1489
1462
1696
2134
2199
1994
1803
1775
1730
1829
1747
1412
875
1162
1259
740
890
1410
701
-116
-456
230
198
-134
-471
-170
99
-328
-115
-429
-249
-653
-873
-1230
-923
-889
-823
-655
-552
-559
-881
-981
-536
228
-380
-1181
-1265
-311
451
406
484
717
792
319
193
759
1065
589
87
229
342
363
858
1162
852
250
-83
-168
-246
-390
-714
-853
-925
-1164
-1266
-888
-524
-817
-1277
-1795
-2077
-2125
-2171
-1960
-1980
-2092
-1888
-1572
-1430
-1267
-1187
-1382
-1596
-1759
-1715
-1192
-739
-434
-197
38
13
130
699
796
498
403
836
1099
1266
1729
2134
2157
1868
1727
1861
2183
2071
1661
1835
2222
2058
1750
1892
2065
1838
1257
811
941
1377
1184
620
766
1098
459
-137
52
238
-68
-839
-502
-334
-518
-301
276
-399
-1100
-1057
-1193
-898
-1194
-1322
-967
-856
-611
-629
-187
348
-263
-1092
-1052
-221
-44
143
315
640
1069
598
530
889
922
745
451
386
247
417
879
1246
962
154
-190
-333
-261
-349
-582
-579
-828
-1075
-1119
-1028
-1083
-1286
-1701
-2183
-2194
-2112
-2045
-1771
-1528
-1731
-1982
-1930
-2177
-2001
-1659
-1594
-1508
-1608
-1405
-822
-302
-261
-271
-285
-424
-153
233
711
1123
1140
1315
1493
1557
1680
1917
1912
1596
1594
1754
2233
2264
2486
2397
2077
2049
1519
1338
1227
1675
1432
985
1175
1377
1266
1168
1139
312
-169
-209
-148
-188
-438
-210
-12
-73
-9
-336
-690
-653
-607
-1217
-1504
-1367
-974
-418
-698
-873
-727
17
127
-717
-1245
-850
153
457
63
226
964
1362
729
524
896
1033
931
365
261
366
706
1204
1003
485
72
65
-8
-272
-580
-819
-718
-839
-1106
-1259
-1227
-1037
-1226
-1787
-2240
-2297
-2276
-2256
-1983
-1925
-2051
-2207
-2028
-1992
-1969
-1571
-1965
-1990
-1765
-1586
-905
-514
-391
-264
-9
-70
166
525
433
653
833
1305
1702
1701
2155
2477
2314
2004
2005
1874
1942
1984
1797
2176
2230
1965
2155
2092
1742
1264
1168
1109
908
484
496
906
919
972
709
369
-188
-82
-183
-501
-603
-927
-665
-190
-28
-363
-769
-562
-1201
-1269
-1353
-1324
-1049
-788
202
-8
-450
-448
21
605
51
-295
-58
573
668
385
1089
1748
1826
1094
481
412
242
474
611
535
332
236
404
443
282
-226
-579
-1082
-1645
-1789
-1601
-1116
-974
-1299
-1750
-1975
-1999
-2247
-2394
-2546
-2711
-2808
-2275
-1883
-1865
-1270
-1448
-1716
-1951
-2153
-1658
-1356
-1025
-719
-278
-5
367
766
683
815
539
444
676
945
1621
2178
2424
2303
2184
2188
2438
2276
1723
1542
1593
1988
2021
2175
2396
2345
1943
1408
1254
724
875
760
239
706
681
957
682
553
491
-185
-186
-773
-967
-764
-534
-390
-676
-477
-532
-772
-891
-1052
-1283
-1270
-317
-149
-1112
-953
10
949
662
-56
20
364
376
51
583
1068
1185
1015
854
894
596
658
993
732
46
-276
-49
162
145
-97
-268
-571
-1124
-1454
-1482
-1289
-1313
-1679
-2117
-2342
-2252
-2115
-2071
-2176
-2487
-2671
-2310
-2178
-2107
-1590
-1544
-1870
-2041
-1889
-1309
-947
-870
-637
-447
-391
1
569
751
686
512
620
946
1153
1589
2094
2303
2199
2089
2231
2474
2394
1990
1908
1758
1753
1843
2113
2271
2044
1967
1694
1272
951
754
956
815
362
-2
409
804
742
421
-201
-487
-752
-713
-771
-906
-883
-613
-465
-616
-678
-692
-689
-862
-881
-257
-693
-1146
-794
157
859
487
347
545
647
172
45
714
1045
1008
705
808
898
695
1081
1138
728
149
-199
-226
-68
46
-110
-237
-686
-1191
-1327
-1162
-1050
-1445
-1936
-2298
-2389
-2228
-2060
-1967
-2146
-2555
-2701
-2389
-2456
-2354
-1774
-1796
-1968
-2062
-1769
-1127
-775
-780
-773
-546
-552
-269
272
689
811
835
1078
1197
1392
1795
2188
2113
1785
1774
2011
2377
2599
2448
2204
2020
1939
1950
2079
1918
1454
1416
1301
1034
1012
1308
1170
598
256
430
253
137
-74
-80
-241
-427
-207
-221
-216
-302
-475
-706
-623
-923
-882
-1037
-778
-708
110
639
-597
-953
-543
620
791
-124
-61
391
623
266
842
1453
1097
844
514
657
442
482
984
809
406
-46
97
290
153
-231
-526
-627
-1270
-1594
-1479
-1197
-1139
-1486
-1788
-2226
-2270
-2222
-2123
-2151
-2559
-2898
-2897
-2399
-2241
-1714
-1348
-1790
-2030
-1862
-1503
-1183
-873
-905
-854
-617
-495
227
816
908
857
860
865
974
1435
1861
2132
1831
1748
2104
2525
2726
2558
2392
2021
1713
1666
1974
2071
1728
1406
1516
1532
1217
1158
1165
732
383
586
337
240
48
342
401
-53
-167
-631
-549
-551
-628
-816
-1088
-977
-878
-557
-683
-442
386
-554
-1273
-960
-25
760
259
292
528
629
275
547
1493
1318
827
397
720
794
637
1270
1215
592
-215
-312
8
93
-80
-318
-215
-731
-1066
-1063
-1031
-1149
-1701
-2034
-2456
-2568
-2432
-2119
-1694
-1901
-2482
-2863
-2452
-2388
-2506
-2092
-2426
-2543
-2189
-1660
-915
-511
-566
-806
-788
-901
-474
240
326
425
634
1143
1653
1963
2218
2154
1930
1600
1619
1750
2046
2397
2312
2455
2284
2267
2406
2321
1916
1430
1186
996
886
1000
1336
1347
1089
286
90
343
392
-41
-429
-368
-636
-559
70
-100
-462
-682
-789
-769
-1367
-1420
-1146
-200
805
-262
-935
-354
1017
1347
358
189
214
487
310
668
1568
1574
1512
1167
962
523
351
1072
1023
333
-458
-334
300
544
285
-217
-436
-1238
-1754
-1719
-1539
-1446
-1729
-1960
-2340
-2348
-2200
-2067
-2059
-2619
-3169
-3320
-2854
-2567
-2430
-1871
-1942
-2237
-2034
-1778
-1451
-997
-1001
-1081
-869
-764
-108
786
974
876
954
1044
1225
1546
1891
2206
2104
2005
2154
2404
2757
2911
2658
2284
1980
1732
1945
2120
1861
1697
1578
1301
1281
1382
1403
852
447
188
-93
238
4
-224
-264
57
-100
-604
-501
-471
-376
-586
-1218
-1193
-1049
-564
-621
-306
516
-59
-668
-587
266
706
361
300
393
459
348
965
1765
1490
1013
695
880
668
405
910
1101
755
56
-79
218
387
108
-374
-604
-1306
-1663
-1498
-1274
-1275
-1678
-1943
-2322
-2557
-2551
-2306
-2129
-2464
-3035
-3224
-2609
-2363
-2045
-1878
-2159
-2446
-2436
-1775
-1380
-916
-953
-1012
-709
-588
41
557
742
532
636
1080
1250
1690
2088
2413
2282
2045
2110
2243
2442
2612
2582
2260
1996
2040
2362
2439
2018
1725
1509
1069
951
972
1118
865
778
226
194
136
255
481
-243
-319
-743
-791
-473
-376
-423
-551
-779
-991
-910
-719
-177
568
-377
-1131
-921
-18
952
531
489
827
873
374
632
1463
1401
1236
762
701
558
387
1188
1414
936
138
-197
-80
-29
-88
-404
-520
-1137
-1659
-1552
-1264
-1055
-1431
-1913
-2524
-2886
-2782
-2534
-2313
-2466
-2879
-3047
-2627
-2434
-2202
-1843
-2128
-2394
-2376
-2106
-1692
-1104
-770
-646
-616
-664
-86
476
690
732
703
752
951
1519
2077
2354
2336
2142
2166
2256
2468
2592
2553
2450
2082
1916
2127
2436
2270
1822
1739
1333
953
1023
1387
1263
628
358
48
437
202
12
-13
-272
-443
-644
-912
-674
-470
-1002
-1127
-1197
-1182
-795
520
345
-798
-1113
-104
1041
588
145
678
976
464
291
1199
1770
1618
1181
911
664
292
795
1433
1191
326
-111
254
433
131
-237
-349
-793
-1624
-1948
-1771
-1394
-1385
-1572
-1918
-2457
-2655
-2570
-2353
-2515
-3171
-3564
-3175
-2860
-2675
-1930
-1716
-2138
-2305
-2357
-2015
-1437
-1272
-1192
-926
-730
-311
531
964
997
935
818
857
1015
1537
2070
2288
2276
2379
2564
2664
2863
2766
2429
2067
1842
1843
2244
2449
2294
2062
1720
1443
1175
1033
825
447
233
138
152
253
323
649
339
-222
-657
-1040
-958
-725
-739
-1048
-1220
-1091
-333
979
325
-1126
-1257
-325
683
112
-177
466
1156
795
480
1231
1428
1408
1069
726
411
46
873
1457
1213
343
-103
220
228
-35
-451
-419
-757
-1353
-1510
-1431
-1159
-1349
-1672
-2159
-2654
-2795
-2682
-2366
-2470
-2842
-3086
-2804
-2673
-2762
-2260
-2065
-2255
-2500
-2439
-2097
-1367
-753
-926
-804
-681
-377
328
713
753
854
1084
1170
1515
1906
2232
2516
2405
2317
2284
2381
2712
2880
2682
2334
2080
2016
2293
2293
1930
1606
1331
1281
1173
1241
928
807
612
224
57
-270
176
83
-153
-681
-745
-399
-687
-758
-813
-941
-908
-1056
-323
423
-230
-873
-775
372
650
44
134
778
811
143
540
1350
1339
1136
954
948
499
300
976
1233
809
111
-16
246
199
-130
-215
-334
-1095
-1599
-1614
-1415
-1406
-1625
-1829
-2214
-2513
-2568
-2341
-2215
-2468
-2981
-3090
-2792
-2794
-2526
-1917
-2027
-2349
-2159
-2040
-1564
-1104
-1087
-928
-893
-891
-362
427
674
781
920
987
1217
1480
1923
2233
2109
2000
2060
2269
2577
2794
2723
2545
2244
2127
2438
2319
2068
1941
1825
1514
1346
1352
1130
961
702
503
325
-66
82
354
82
-285
-519
-656
-510
-641
-994
-1234
-933
-965
45
291
-285
-1069
-81
37
1606
979
-1947
460
445
273
533
1489
1463
1202
808
826
489
468
1044
965
396
-92
95
337
307
7
-126
-367
-1146
-1538
-1514
-1333
-1383
-1679
-1939
-2308
-2447
-2385
-2275
-2389
-2783
-3168
-3161
-2804
-2781
-2495
-1915
-2117
-2461
-2306
-2030
-1564
-1072
-1158
-1112
-859
-655
-24
571
657
630
717
768
1003
1389
1790
2138
2069
1952
2148
2391
2563
2672
2512
2300
2035
2099
2429
2468
2197
2006
1882
1663
1413
1256
1333
1109
851
423
472
469
419
310
-80
-172
-397
-781
-755
-641
-749
-925
-985
-915
-27
417
-452
-1019
-679
425
742
188
456
807
529
264
814
1358
1148
847
692
787
475
626
1252
1090
468
-65
-6
161
-40
-310
-313
-497
-1169
-1413
-1339
-1267
-1442
-1744
-2034
-2530
-2710
-2603
-2404
-2365
-2666
-3102
-3114
-2754
-2755
-2388
-2131
-2524
-2600
-2272
-1837
-1436
-1189
-1202
-1058
-885
-734
-106
378
543
708
796
917
1168
1586
1907
2076
1924
1901
2229
2572
2795
2782
2706
2407
2189
2289
2290
2159
2026
1930
1771
1430
1518
1575
1327
972
657
521
500
338
-15
-198
220
-125
-593
-407
-521
-599
-815
-556
-955
-937
239
423
-417
-875
-144
811
742
431
515
641
497
582
1276
1445
1133
970
991
891
425
761
1317
944
163
-190
12
115
-72
-367
-550
-1040
-1511
-1490
-1465
-1612
-1872
-2086
-2384
-2799
-2958
-2793
-2569
-2704
-3045
-3339
-3084
-2793
-2730
-2363
-2364
-2701
-2642
-2218
-1852
-1346
-1051
-1091
-916
-750
-347
268
557
553
563
744
1024
1514
1907
2200
2297
2179
2295
2462
2648
2777
2707
2465
2215
2280
2393
2546
2416
2117
2024
1841
1528
1321
1527
1263
973
787
453
452
758
778
177
-107
-313
-411
-342
-649
-834
-1072
-962
-613
-726
-12
242
-622
-909
-293
524
266
-26
523
742
258
70
1172
1644
1164
861
762
750
289
572
1165
886
180
-215
38
176
-22
-222
-305
-875
-1649
-1740
-1532
-1466
-1710
-1907
-2144
-2518
-2616
-2487
-2369
-2527
-2954
-3419
-3176
-2841
-2709
-2165
-2120
-2335
-2286
-1989
-1687
-1432
-1276
-1304
-1141
-1007
-570
122
529
732
831
971
1065
1325
1717
1984
2025
1942
2159
2379
2665
2896
2865
2619
2424
2383
2212
2228
2193
2065
1811
1602
1755
1837
1621
1049
766
1143
606
14
160
203
157
-150
-536
-689
-475
-484
-689
-1054
-1089
-960
-179
436
-457
-1022
-611
709
948
260
347
921
1011
357
750
1486
1433
1249
1022
946
598
629
1355
1317
472
-278
-96
185
6
-379
-620
-707
-1273
-1607
-1585
-1584
-1747
-1947
-2166
-2708
-2935
-2743
-2521
-2531
-2827
-3225
-3166
-2766
-2663
-2492
-2371
-2541
-2574
-2263
-2045
-1759
-1334
-1239
-1117
-953
-667
-91
327
464
574
704
799
1157
1620
1962
2122
2157
2289
2382
2562
2821
2763
2546
2305
2092
2172
2330
2483
2313
1995
1984
1684
1819
1873
1191
777
1002
1009
633
580
492
360
220
-49
-202
-373
-620
-757
-875
-767
-796
-526
436
223
-711
-766
26
893
427
219
405
488
196
397
1304
1196
935
652
669
580
203
759
1108
618
-199
-394
-65
-40
-215
-514
-667
-1253
-1790
-1682
-1527
-1599
-1961
-2131
-2486
-2822
-2726
-2507
-2429
-2635
-3005
-3181
-2818
-2581
-2506
-2126
-2110
-2375
-2245
-1936
-1523
-1083
-972
-973
-822
-621
-215
281
560
678
815
958
1272
1682
2030
2253
2284
2209
2188
2378
2674
2753
2536
2328
2384
2352
2182
2315
2316
1947
1558
1249
1187
1471
1281
878
742
686
397
424
461
203
10
-410
-621
-314
-373
-624
-806
-833
-535
-720
-402
503
88
-891
-576
354
832
411
389
958
868
329
522
1400
1396
912
681
807
636
238
865
1245
641
-106
-273
-21
-171
-484
-525
-552
-1248
-1771
-1602
-1434
-1481
-1845
-2095
-2428
-2824
-2790
-2561
-2490
-2741
-3034
-3199
-2885
-2715
-2657
-2119
-2280
-2574
-2293
-1991
-1604
-1115
-958
-948
-670
-504
-41
519
638
725
848
984
1215
1624
1983
2284
2253
2097
2215
2435
2635
2717
2623
2206
2122
2247
2424
2356
2014
1845
1752
1470
1188
1544
1378
937
635
639
550
631
479
100
35
-325
-374
-434
-598
-861
-818
-674
-511
280
85
-800
-813
63
855
546
210
535
873
492
416
1244
1381
979
737
868
705
304
784
1266
806
-160
-417
5
55
-280
-474
-581
-1152
-1613
-1551
-1411
-1554
-1970
-2072
-2410
-2910
-2774
-2350
-2393
-2718
-2975
-3241
-2819
-2477
-2542
-2204
-2249
-2579
-2301
-1859
-1685
-1373
-1141
-1202
-1051
-829
-353
273
493
507
599
783
1090
1544
1837
1899
1867
1898
2077
2379
2642
2661
2697
2540
2203
2209
2404
2521
2213
1827
1682
1745
1746
1749
1714
1113
821
851
801
552
38
165
170
-73
-404
-670
-466
-449
-461
-711
-508
463
28
-654
-545
402
869
411
527
706
737
285
627
1405
1138
776
727
876
487
295
887
972
387
-392
-354
-92
-199
-404
-504
-738
-1448
-1722
-1641
-1606
-1857
-2174
-2238
-2650
-2943
-2707
-2379
-2507
-2768
-3037
-3129
-2811
-2746
-2512
-2173
-2269
-2377
-2089
-1768
-1573
-1186
-959
-906
-838
-657
-85
459
645
675
889
1036
1157
1560
1950
2009
1945
2073
2382
2532
2551
2686
2702
2356
2113
2304
2290
2165
2138
2110
1745
1350
1485
1449
1414
708
696
552
285
493
352
365
-140
-130
-229
-474
-761
-878
-495
-555
92
463
-508
-761
-160
876
787
139
398
746
639
174
870
1497
1239
979
794
861
430
567
1221
1006
128
-479
-69
156
-149
-481
-513
-883
-1607
-1691
-1522
-1533
-1881
-2047
-2224
-2739
-2858
-2499
-2368
-2639
-2881
-3262
-3104
-2716
-2677
-2393
-2225
-2460
-2488
-2077
-1848
-1549
-1180
-1193
-1116
-962
-566
78
462
524
554
791
1011
1403
1774
1978
2092
2130
2169
2331
2663
2742
2770
2611
2170
2042
2299
2366
2067
1673
1751
1572
1261
1256
1337
1135
672
608
545
524
323
329
171
-12
-279
-424
-446
-645
-489
-554
-107
473
-147
-728
-344
737
1027
535
527
917
965
571
909
1636
1443
1062
981
1130
760
543
1163
1242
504
-208
-66
227
-23
-354
-457
-729
-1421
-1655
-1540
-1540
-1845
-2077
-2197
-2731
-3040
-2796
-2639
-2936
-3126
-3343
-3376
-3056
-2949
-2635
-2451
-2737
-2834
-2484
-2219
-2046
-1636
-1458
-1346
-1179
-820
-213
162
286
433
644
719
1054
1608
1964
2034
2077
2273
2434
2613
2734
2886
2718
2405
2481
2527
2649
2562
2399
2330
2177
1631
1543
1947
1654
973
930
929
795
859
541
288
55
-169
-286
-564
-646
-508
-440
255
770
-212
-911
-198
936
950
197
250
684
598
226
919
1501
1187
770
714
797
271
281
1014
941
-142
-758
-315
43
-236
-638
-654
-1089
-1838
-1838
-1587
-1654
-2073
-2213
-2349
-2904
-3005
-2545
-2328
-2695
-3014
-3291
-3199
-2843
-2773
-2389
-2284
-2629
-2539
-2081
-1833
-1616
-1359
-1365
-1324
-1177
-761
-125
213
325
531
778
915
1273
1786
1955
1938
1954
2151
2349
2694
2794
2909
2933
2688
2519
2667
2924
2698
2263
1997
2157
1926
1986
1751
1544
1409
1344
1086
595
395
456
581
220
-352
-538
-337
-324
-407
-607
202
144
-860
-1213
-581
645
359
-110
130
292
-6
113
1137
1174
495
220
571
553
-5
505
1153
763
-232
-572
-141
-18
-274
-535
-654
-1310
-1784
-1517
-1211
-1399
-1896
-1955
-2288
-2791
-2650
-2293
-2263
-2489
-2818
-3071
-2725
-2465
-2278
-2023
-2350
-2650
-2397
-1983
-1703
-1332
-1204
-1166
-1028
-896
-422
132
360
317
412
625
940
1473
1844
1939
1894
1931
2062
2298
2500
2638
2663
2268
2138
2332
2643
2509
2178
2041
1834
1786
1614
1674
1603
1226
1095
881
723
564
367
499
449
14
-527
-278
-133
-223
-499
195
741
-206
-1004
-693
589
989
335
218
522
505
82
751
1442
939
366
382
755
221
149
1024
1152
131
-769
-492
-58
-222
-613
-666
-1026
-1716
-1756
-1397
-1281
-1865
-2108
-2219
-2787
-2955
-2485
-2207
-2460
-2637
-3024
-2880
-2512
-2401
-2031
-2146
-2550
-2516
-2059
-1778
-1407
-1091
-1126
-1095
-1030
-605
-124
182
189
269
443
659
1213
1719
1952
1913
1895
1947
2152
2385
2511
2630
2405
2237
2376
2455
2732
2459
2178
1995
1885
1641
1363
1743
1420
1162
964
1010
885
678
696
509
73
-313
-353
-226
-370
-448
-184
754
441
-745
-826
75
929
387
33
174
377
150
409
1207
1096
602
342
614
339
-144
465
1010
457
-594
-562
-33
83
-370
-620
-695
-1465
-1896
-1698
-1376
-1646
-1908
-1904
-2398
-2746
-2505
-2167
-2205
-2624
-3199
-3216
-2717
-2487
-2200
-2057
-2330
-2403
-2100
-1895
-1612
-1372
-1372
-1246
-1139
-857
-292
243
423
424
516
537
978
1496
1703
1744
1815
1985
2123
2473
2679
2726
2540
2317
2256
2228
2311
2373
2233
2202
1995
1844
1899
2002
1713
1233
1151
1103
991
582
652
526
312
-60
-347
-161
-210
-415
-55
654
45
-889
-610
542
1069
353
200
535
392
-6
425
1137
841
394
333
431
54
-58
644
901
5
-916
-721
-157
-429
-878
-733
-943
-1657
-2120
-1756
-1469
-1785
-1943
-2143
-2641
-2915
-2507
-2121
-2209
-2644
-3086
-2825
-2474
-2426
-2146
-1992
-2262
-2339
-2035
-1675
-1289
-1054
-1002
-923
-862
-624
-8
470
508
520
597
807
1222
1644
1846
1935
1865
1794
2190
2422
2390
2511
2574
2239
2142
2379
2468
2370
2249
2107
1708
1641
1690
1875
1494
1223
1081
731
644
596
713
371
-7
-277
-308
-359
-420
-283
292
548
-373
-902
-375
798
961
353
344
516
360
140
878
1283
680
420
530
499
0
175
874
678
-373
-945
-490
-218
-648
-789
-609
-1223
-2044
-1931
-1357
-1517
-2034
-2150
-2343
-2770
-2780
-2285
-2048
-2416
-2966
-2943
-2579
-2574
-2431
-2045
-2196
-2517
-2360
-1903
-1509
-1300
-1133
-978
-1015
-1024
-472
192
334
247
423
771
1022
1422
1863
2019
1950
1909
2150
2413
2453
2569
2678
2572
2316
2312
2423
2620
2266
1952
1833
1855
1789
1707
1736
1443
1416
1136
1135
760
547
390
234
-30
-289
-141
-305
-372
-128
546
274
-821
-783
100
886
446
29
425
628
246
211
1016
1025
424
217
387
168
-284
293
816
170
-819
-837
-337
-634
-1057
-757
-818
-1842
-2212
-1597
-1302
-1760
-2202
-2125
-2342
-2738
-2581
-2076
-2174
-2815
-2784
-2440
-2473
-2538
-2094
-1777
-2109
-2357
-2024
-1424
-1224
-1144
-902
-798
-925
-657
44
417
350
400
782
1011
1148
1586
2003
2009
1859
1986
2290
2388
2457
2617
2590
2111
2009
2307
2462
2416
1962
1816
1763
1726
1685
1577
1469
1246
808
979
672
417
426
397
152
-367
-104
-84
-201
-389
391
1013
-20
-838
-315
826
1002
364
316
564
305
9
684
1208
621
171
428
463
-213
-185
633
688
-406
-1208
-782
-516
-635
-581
-786
-1557
-2261
-1905
-1220
-1645
-2350
-2155
-2101
-2909
-2966
-2262
-2076
-2328
-2762
-2947
-2795
-2631
-2220
-1658
-1984
-2615
-2256
-1561
-1333
-1238
-1107
-987
-924
-918
-403
358
587
474
769
980
1024
1492
2050
2212
1951
1856
2189
2503
2701
2802
2934
2546
2334
2229
2384
2542
2380
2070
1732
1715
1330
1687
1792
1421
767
601
864
676
285
209
383
162
-145
-187
-185
-278
5
804
433
-793
-857
313
1086
521
135
493
599
101
132
1012
894
327
257
410
78
-399
173
632
-40
-1158
-1051
-618
-663
-868
-1048
-1156
-1874
-1990
-1421
-1347
-2120
-2378
-1949
-2447
-2746
-2508
-2292
-2386
-2767
-2908
-2692
-2538
-2581
-2080
-1908
-2315
-2238
-1712
-1424
-1315
-1138
-977
-740
-676
-381
235
562
521
662
988
1202
1443
1772
2072
2169
2020
2261
2614
2657
2589
2627
2529
2322
2227
2284
2365
2422
2295
1910
1868
1748
1811
1615
1144
927
772
805
593
191
102
411
453
-8
-301
-253
-113
109
839
373
-639
-477
460
1198
563
249
535
625
83
20
882
850
320
149
262
-44
-431
193
579
-155
-1127
-1127
-560
-883
-1324
-1093
-1002
-1805
-2252
-1823
-1700
-2260
-2328
-2118
-2656
-3005
-2776
-2273
-2276
-2776
-2914
-2605
-2562
-2664
-2160
-1965
-2262
-2248
-1844
-1480
-1276
-1080
-766
-497
-542
-295
308
702
785
949
1299
1474
1601
1937
2395
2580
2312
2346
2675
2607
2688
2902
2858
2329
2202
2427
2566
2290
2175
2127
1759
1309
1443
1569
1186
909
665
695
526
197
60
193
62
-294
-530
-463
-500
-402
-204
550
227
-693
-572
250
905
479
298
597
601
141
263
1112
977
370
165
390
24
-447
108
557
29
-1124
-993
-589
-867
-1224
-924
-777
-1783
-2245
-1967
-1598
-2039
-2389
-2186
-2597
-3156
-2999
-2292
-2369
-2841
-2942
-2707
-2687
-2774
-2279
-1908
-2114
-2350
-1938
-1437
-1213
-886
-482
-327
-550
-287
441
957
980
1103
1486
1638
1847
2341
2725
2561
2444
2566
2756
2704
2707
2911
2898
2667
2374
2405
2673
2402
1950
1925
1668
1482
1274
1345
1316
832
620
727
506
166
-31
-23
-75
-191
-423
-707
-414
-316
-271
-466
-147
64
-398
-534
-292
280
324
197
277
227
22
33
573
649
188
-96
-2
145
-140
-54
123
75
-647
-1164
-612
-504
-614
-1009
-1222
-1695
-1931
-1563
-1586
-1893
-2469
-2577
-2576
-2698
-2687
-2520
-2433
-2731
-2918
-2817
-2504
-2278
-2097
-2026
-2110
-2113
-1709
-1109
-861
-794
-668
-345
-55
320
739
1105
1342
1481
1740
1978
2312
2604
2873
2764
2511
2657
2964
3008
2829
2756
2695
2379
2281
2421
2487
2289
1820
1529
1374
1500
1234
935
620
371
422
292
169
-74
-151
-16
-275
-532
-749
-702
-390
-366
169
16
-502
-647
-141
694
458
27
53
293
138
-60
463
648
368
66
119
42
-312
-212
323
216
-727
-1190
-945
-545
-718
-852
-1150
-1704
-2109
-1971
-1597
-1941
-2335
-2439
-2482
-2700
-2741
-2408
-2259
-2486
-2815
-2756
-2586
-2387
-2039
-1736
-1774
-1942
-1688
-1165
-742
-571
-423
-182
-113
102
701
1327
1506
1513
1657
1927
2147
2428
2654
2715
2664
2551
2744
2915
2883
2711
2615
2418
2247
2138
2112
2021
1793
1453
1566
1483
1216
908
844
741
560
282
-149
-409
-238
8
-210
-520
-827
-623
-542
-403
-596
-452
140
-100
-568
-666
79
655
407
220
123
158
-17
264
693
470
72
-8
129
118
-309
-26
443
-297
-897
-1013
-527
-513
-891
-1145
-1441
-1728
-1973
-1577
-1633
-2206
-2414
-2380
-2496
-2672
-2576
-2387
-2344
-2710
-2799
-2533
-2338
-2200
-1881
-1776
-1923
-1705
-1266
-824
-603
-544
-315
83
256
569
1153
1442
1554
1670
1897
2164
2363
2686
2832
2605
2445
2736
2929
2685
2551
2510
2431
2110
2072
2238
1910
1619
1382
1471
1433
1094
929
711
722
590
211
8
-34
-38
-177
-373
-540
-610
-464
-350
-557
-624
27
248
-398
-698
-133
590
551
201
138
319
209
241
648
626
267
144
347
263
-65
95
443
161
-629
-931
-403
-368
-820
-1034
-1251
-1699
-1939
-1681
-1764
-2234
-2603
-2633
-2609
-2887
-2932
-2648
-2613
-2945
-3033
-2784
-2588
-2452
-2248
-2070
-2106
-2020
-1576
-1009
-840
-806
-503
-203
69
382
833
1194
1370
1507
1868
2086
2309
2563
2713
2703
2660
2743
2817
3018
2944
2750
2534
2479
2269
2201
2283
2107
1812
1608
1411
1181
1208
1066
862
438
221
315
251
218
-163
-259
-300
-226
-322
-454
-365
103
565
-85
-688
-313
621
956
630
417
362
282
242
684
850
376
80
117
106
-309
-174
11
18
-489
-1360
-1266
-942
-1000
-1253
-1376
-2039
-2483
-2081
-2056
-2327
-2606
-2867
-3036
-3072
-3133
-2922
-2633
-2845
-2943
-2806
-2696
-2449
-2017
-1833
-1813
-1795
-1604
-1047
-631
-419
-193
0
130
485
912
1325
1673
1712
1797
2103
2354
2576
2785
2835
2658
2655
2705
2714
2706
2568
2518
2270
2040
1859
1947
1887
1761
1710
1473
1171
845
977
1083
903
448
182
288
164
101
-59
-209
-302
-250
-192
208
684
-2
-510
-176
697
894
545
533
550
375
78
503
799
553
196
96
123
-261
-311
97
23
-612
-1088
-1092
-887
-1174
-1285
-1211
-1660
-2293
-2284
-1950
-2300
-2571
-2607
-2792
-3081
-3168
-2797
-2577
-2745
-2948
-2788
-2682
-2671
-2326
-1927
-1844
-1947
-1746
-1271
-796
-621
-386
-87
-66
131
612
1035
1231
1410
1660
1929
2014
2192
2555
2756
2569
2499
2590
2634
2615
2573
2731
2420
2047
2080
2308
2011
1558
1527
1459
1310
1081
948
819
643
618
675
499
144
30
108
10
-100
-86
128
756
705
-88
-361
353
1183
1031
743
601
535
370
492
1040
937
448
198
280
68
-402
-262
148
-213
-1073
-1446
-1153
-1064
-1198
-1112
-1381
-2273
-2742
-2272
-1939
-2287
-2700
-2858
-3021
-3197
-3024
-2627
-2623
-3001
-3091
-2897
-2752
-2490
-2024
-1746
-1899
-2042
-1699
-1067
-665
-511
-298
-218
-176
222
847
1285
1336
1368
1560
1789
1988
2282
2566
2524
2377
2426
2556
2531
2526
2674
2488
2140
1888
2088
2149
1880
1516
1354
1307
1076
953
989
990
609
470
462
478
350
222
352
185
-74
18
946
1160
186
-303
251
1267
1121
873
962
956
605
444
1100
1121
637
351
486
306
-246
-251
61
-39
-824
-1284
-1145
-1204
-1506
-1464
-1315
-2005
-2692
-2446
-2285
-2540
-2672
-2695
-3009
-3307
-3233
-2924
-2686
-2877
-2995
-2782
-2721
-2629
-2211
-1846
-1824
-1882
-1701
-1340
-978
-696
-381
-160
-133
64
536
952
1188
1378
1557
1685
1785
2055
2399
2462
2400
2385
2439
2440
2437
2461
2396
2355
2010
1844
1976
1983
1758
1490
1369
1178
1080
980
848
840
740
568
481
358
347
389
376
291
702
1295
600
-128
98
1072
1365
935
887
862
669
484
984
1327
801
327
322
427
-6
-252
101
212
-564
-1365
-1180
-1084
-1321
-1437
-1280
-1726
-2492
-2491
-2192
-2237
-2648
-2653
-2725
-3159
-3318
-2982
-2642
-2811
-3047
-2972
-2794
-2741
-2409
-1923
-1846
-2031
-1902
-1445
-1120
-897
-609
-316
-245
-163
247
747
1017
1119
1341
1540
1665
1893
2224
2355
2274
2293
2349
2411
2417
2414
2390
2249
2149
1989
2009
1910
1721
1706
1642
1290
1013
1166
1163
934
653
618
563
515
313
288
346
255
528
1307
887
-64
-125
958
1600
1075
797
952
925
446
810
1445
1081
363
293
523
107
-208
-2
312
-373
-1248
-1204
-955
-1234
-1567
-1340
-1613
-2390
-2690
-2190
-2220
-2721
-2754
-2759
-3126
-3374
-3020
-2722
-2773
-3059
-3042
-2756
-2709
-2521
-2020
-1802
-1987
-1883
-1476
-1055
-834
-640
-318
-162
-83
220
760
989
1071
1287
1508
1675
1775
2039
2324
2315
2199
2268
2346
2316
2271
2200
2150
2085
1939
1839
1787
1598
1611
1569
1265
952
885
1097
934
665
549
652
540
323
329
400
362
1052
1558
581
-158
377
1606
1698
1193
1069
1135
935
672
1260
1511
935
505
588
489
-196
-237
386
416
-726
-1424
-1180
-1086
-1356
-1428
-1332
-1995
-2808
-2604
-2177
-2509
-2884
-2835
-2985
-3458
-3506
-3047
-2728
-2957
-3255
-3029
-2890
-2880
-2377
-1854
-1933
-2136
-1873
-1333
-911
-755
-446
-166
-175
-32
485
929
1103
1276
1460
1584
1639
1858
2275
2439
2199
2093
2238
2335
2373
2298
2223
2129
1964
1839
1779
1618
1567
1616
1437
1055
911
1068
1061
823
646
695
560
466
456
467
365
847
1694
929
-45
97
1320
1760
1214
1056
1061
962
604
1137
1689
1135
468
458
635
186
-242
69
390
-425
-1211
-1226
-1098
-1349
-1412
-1173
-1801
-2651
-2698
-2136
-2274
-2769
-2791
-2951
-3297
-3398
-3051
-2817
-2995
-3244
-3057
-2855
-2873
-2507
-1934
-1854
-2064
-1923
-1498
-1033
-773
-490
-220
-242
-160
329
888
1055
1115
1322
1582
1761
1855
2167
2372
2263
2199
2253
2169
2177
2412
2356
1982
1876
1871
1789
1720
1620
1422
1292
1118
1128
1086
913
722
591
702
575
392
215
429
490
1090
1600
659
-122
403
1634
1733
1188
1090
1186
948
700
1305
1558
974
538
646
588
-43
-175
356
408
-488
-1274
-1248
-1076
-1274
-1205
-1203
-2155
-2873
-2543
-2080
-2396
-2794
-2894
-3110
-3324
-3377
-2988
-2751
-3095
-3243
-3027
-3010
-2902
-2363
-1872
-1931
-2132
-1963
-1431
-946
-755
-486
-332
-349
-66
539
1043
1169
1200
1380
1632
1753
2021
2439
2426
2238
2236
2295
2295
2353
2375
2204
1916
1777
1745
1717
1566
1516
1367
1124
965
1001
1109
1080
850
476
474
660
663
505
374
938
1728
1024
3
118
1330
1856
1447
1167
1036
834
713
1399
1800
1110
406
467
747
388
-184
120
472
-306
-1092
-1115
-963
-1244
-1204
-1201
-2077
-2728
-2674
-2135
-2218
-2831
-3119
-3183
-3262
-3392
-3102
-2889
-3174
-3330
-3108
-2972
-2887
-2548
-2119
-2006
-2145
-2018
-1544
-1004
-733
-512
-369
-288
-12
510
993
1137
1171
1354
1565
1710
2011
2270
2266
2233
2291
2242
2185
2410
2499
2303
1995
1829
1899
1910
1700
1423
1352
1345
1147
1067
1044
1019
846
666
584
528
530
446
497
1251
1550
531
-111
496
1542
1548
1153
1093
1007
706
663
1403
1576
931
511
610
487
-34
25
634
545
-724
-1330
-972
-906
-980
-1023
-1439
-2337
-2744
-2295
-2026
-2407
-2961
-3057
-3162
-3499
-3337
-2970
-2915
-3181
-3373
-3178
-3026
-2799
-2284
-1963
-2110
-2226
-1887
-1296
-811
-576
-463
-324
-127
225
769
1123
1200
1316
1489
1665
1871
2176
2430
2332
2129
2108
2194
2333
2390
2270
2033
1793
1692
1730
1808
1615
1329
1197
1126
1033
979
927
904
874
699
474
369
535
672
1389
1611
562
-152
432
1695
1799
1309
1125
1082
860
774
1381
1603
1041
586
587
557
4
-98
509
465
-511
-1332
-1190
-1102
-1096
-1008
-1453
-2272
-2835
-2446
-2064
-2325
-2803
-3064
-3181
-3388
-3282
-2932
-2832
-3063
-3253
-3136
-2978
-2753
-2239
-1920
-2061
-2180
-1898
-1318
-825
-570
-426
-341
-215
167
694
1110
1237
1242
1349
1534
1866
2161
2293
2235
2125
2136
2087
2206
2355
2285
2026
1832
1714
1623
1704
1570
1431
1247
1134
917
902
1072
1061
840
606
576
573
574
680
1401
1491
637
3
576
1612
1684
1318
1088
1036
760
828
1462
1555
968
548
622
452
29
84
602
350
-809
-1307
-1091
-882
-946
-1071
-1585
-2451
-2668
-2226
-1981
-2416
-2939
-3094
-3226
-3355
-3227
-2967
-2897
-3217
-3381
-3197
-3002
-2679
-2241
-2038
-2182
-2197
-1851
-1267
-757
-542
-469
-406
-136
331
855
1169
1260
1302
1468
1758
1979
2231
2395
2314
2145
2147
2205
2306
2361
2302
1989
1711
1579
1695
1797
1450
1266
1142
1073
949
859
858
811
659
516
354
432
535
962
1632
1059
196
127
1164
1855
1581
1230
1046
1042
876
1169
1661
1371
756
673
759
251
-56
419
681
-52
-1043
-1133
-929
-919
-1112
-1278
-1906
-2733
-2524
-2078
-2244
-2751
-3033
-3130
-3277
-3382
-3196
-2916
-3020
-3334
-3188
-3000
-2898
-2447
-2081
-2022
-2088
-1940
-1481
-925
-591
-395
-250
-183
150
669
1062
1216
1240
1291
1520
1776
1935
2153
2189
2071
2035
2061
2082
2145
2119
1922
1731
1658
1555
1591
1583
1257
1122
1096
1150
926
819
890
877
817
507
599
651
1181
1692
1127
311
301
1267
1812
1617
1232
1058
1026
979
1236
1529
1255
807
709
645
311
246
550
469
-310
-915
-869
-742
-916
-1181
-1417
-2064
-2534
-2258
-2081
-2482
-2899
-3069
-3173
-3271
-3275
-3167
-3049
-3199
-3353
-3158
-3021
-2834
-2420
-2198
-2241
-2176
-1827
-1349
-942
-741
-549
-346
-121
294
720
974
1163
1307
1394
1620
1895
2100
2243
2197
2078
2084
2164
2185
2212
2153
1916
1734
1718
1619
1555
1491
1418
1152
929
1007
1010
943
897
766
629
506
662
741
1211
1438
782
315
556
1386
1655
1488
1228
983
794
928
1419
1561
1067
730
616
404
328
408
544
124
-621
-932
-733
-824
-1140
-1078
-1533
-2312
-2439
-2172
-2264
-2504
-2776
-3118
-3234
-3311
-3228
-2987
-3056
-3283
-3241
-3146
-3029
-2661
-2300
-2187
-2235
-2103
-1641
-1174
-870
-562
-364
-292
40
516
840
1156
1351
1365
1527
1818
2063
2208
2240
2206
2104
2123
2208
2262
2259
2139
1867
1605
1664
1740
1629
1421
1202
1124
1042
983
868
924
902
746
528
390
588
874
1384
1064
386
212
796
1458
1489
1208
855
822
823
957
1270
1403
902
452
475
549
327
250
426
-74
-550
-762
-864
-977
-1048
-1241
-1700
-2126
-2429
-2317
-2279
-2583
-2942
-3120
-3258
-3250
-3147
-3097
-3080
-3256
-3203
-3032
-2862
-2595
-2260
-2111
-2022
-1781
-1516
-1097
-635
-373
-217
14
248
658
1078
1309
1412
1488
1672
1935
2157
2192
2221
2210
2248
2230
2194
2217
2116
2024
1981
1890
1525
1392
1661
1529
1190
993
1059
1050
900
908
743
630
626
794
767
1094
1067
557
323
781
1367
1196
955
826
910
708
761
1201
1063
527
443
583
559
150
-87
290
69
-537
-935
-826
-1033
-1119
-1142
-1768
-2235
-2438
-2309
-2214
-2529
-3014
-3150
-3137
-3194
-3126
-3025
-3084
-3147
-3095
-2967
-2721
-2541
-2234
-1955
-1865
-1717
-1406
-949
-506
-226
-179
120
527
799
1109
1486
1659
1594
1727
1975
2223
2298
2316
2262
2203
2167
2164
2185
2098
1939
1706
1620
1652
1516
1376
1203
1126
1008
911
928
831
786
749
721
666
614
696
1160
1208
658
339
741
1257
1232
1095
896
807
758
808
1010
979
659
505
645
320
-96
1
262
-37
-736
-1015
-1042
-1138
-1314
-1434
-1848
-2506
-2683
-2424
-2486
-2804
-3166
-3302
-3236
-3310
-3269
-3114
-3028
-3099
-3009
-2788
-2595
-2284
-1947
-1714
-1579
-1395
-1032
-571
-232
41
229
388
689
1072
1376
1579
1679
1726
1937
2118
2176
2210
2340
2323
2166
2159
2144
2124
2052
1951
1797
1619
1537
1489
1406
1338
1142
963
980
980
873
765
749
706
685
569
638
987
1000
565
363
636
961
1016
918
829
642
490
626
971
854
356
298
344
197
-96
-121
-27
-436
-890
-1054
-1129
-1376
-1571
-1629
-2057
-2537
-2627
-2625
-2635
-2933
-3208
-3203
-3273
-3299
-3172
-3025
-3051
-3009
-2820
-2613
-2349
-2075
-1755
-1499
-1303
-1035
-635
-222
160
370
526
876
1228
1437
1671
1907
2002
2085
2219
2332
2366
2389
2416
2307
2208
2191
2124
2091
1897
1714
1616
1466
1355
1322
1201
909
781
760
796
731
610
460
511
470
476
519
751
876
536
361
548
893
999
981
838
620
544
673
957
1049
543
296
267
226
145
-1
-89
-470
-800
-1045
-1179
-1313
-1578
-1723
-2044
-2511
-2639
-2695
-2662
-2780
-3111
-3262
-3318
-3244
-3123
-2955
-2915
-2972
-2813
-2548
-2210
-1939
-1761
-1427
-1135
-866
-515
-150
224
503
739
943
1214
1477
1756
1966
1965
2001
2138
2302
2366
2272
2240
2250
2145
2038
2021
1948
1778
1661
1562
1400
1275
1233
1108
916
781
785
722
671
647
526
444
417
479
529
811
857
494
331
527
933
1007
851
770
714
700
600
766
790
648
540
220
162
3
-89
-113
-331
-722
-1080
-1182
-1345
-1470
-1657
-2081
-2335
-2515
-2670
-2623
-2789
-3006
-3115
-3135
-3138
-3118
-2952
-2827
-2735
-2735
-2578
-2227
-1930
-1615
-1329
-1175
-965
-544
-124
271
505
693
963
1222
1518
1752
1867
1972
2125
2158
2113
2210
2280
2264
2201
2013
1953
1933
1894
1886
1728
1560
1345
1278
1320
1239
972
793
798
767
695
580
472
511
596
518
433
515
680
755
588
497
638
723
783
787
694
686
508
475
599
544
446
192
60
-168
-232
-338
-561
-767
-1165
-1388
-1516
-1763
-1969
-2111
-2406
-2638
-2791
-2849
-2884
-2991
-3061
-3066
-3061
-3016
-2832
-2663
-2529
-2342
-2120
-1908
-1543
-1192
-911
-632
-361
-21
324
597
903
1127
1322
1526
1658
1739
1904
2100
2088
1965
1925
2039
2166
1957
1731
1821
1928
1687
1408
1511
1529
1469
1247
1041
977
1011
1021
837
708
630
535
512
551
531
412
406
442
469
484
518
535
594
700
644
573
580
715
714
609
541
386
282
247
201
0
-233
-396
-603
-785
-967
-1153
-1361
-1605
-1813
-2063
-2229
-2291
-2422
-2603
-2785
-2836
-2859
-2797
-2744
-2736
-2700
-2592
-2404
-2148
-1944
-1772
-1511
-1281
-993
-706
-373
-132
130
421
666
876
1044
1285
1529
1706
1686
1734
1873
2025
2059
1963
1904
1780
1892
2007
1808
1568
1440
1483
1449
1428
1258
1065
1005
865
887
900
764
634
509
532
599
506
381
351
466
525
475
392
344
522
591
551
466
392
462
527
455
355
246
194
113
-9
-93
-222
-358
-498
-675
-885
-1077
-1188
-1303
-1487
-1685
-1915
-2084
-2164
-2218
-2281
-2414
-2499
-2524
-2468
-2365
-2278
-2277
-2176
-1946
-1772
-1600
-1418
-1163
-960
-697
-459
-288
-31
263
518
640
776
1005
1144
1311
1499
1538
1481
1586
1806
1811
1623
1571
1726
1868
1675
1459
1420
1535
1484
1331
1183
1085
1053
1000
966
719
581
636
699
578
385
351
334
374
478
413
304
276
414
423
402
439
408
382
395
412
357
240
256
231
87
-15
-144
-214
-321
-363
-546
-808
-918
-977
-1031
-1250
-1448
-1562
-1666
-1740
-1808
-1964
-2076
-2048
-2037
-2113
-2114
-2023
-1917
-1805
-1784
-1677
-1447
-1221
-1076
-910
-715
-539
-332
-78
135
226
391
581
769
881
976
1049
1171
1344
1354
1324
1365
1429
1435
1546
1506
1368
1277
1342
1436
1291
1222
1110
1004
1014
1039
1001
687
644
803
679
575
452
440
419
440
490
303
195
215
395
437
268
162
171
306
358
209
88
97
169
151
-22
-171
-204
-184
-239
-365
-570
-704
-729
-734
-821
-1039
-1176
-1247
-1294
-1352
-1423
-1511
-1652
-1638
-1614
-1652
-1674
-1662
-1550
-1561
-1500
-1376
-1244
-1133
-1018
-815
-766
-573
-349
-164
-40
69
271
407
589
637
695
864
1004
1108
1035
1006
1051
1252
1367
1136
1061
1123
1212
1172
1094
1123
859
893
1153
929
792
638
736
766
770
648
415
534
582
586
437
335
382
493
449
357
226
257
434
387
178
123
255
275
95
57
29
-49
-37
-156
-233
-354
-429
-455
-551
-646
-792
-880
-908
-975
-1059
-1190
-1246
-1260
-1326
-1305
-1373
-1490
-1428
-1370
-1336
-1378
-1337
-1226
-1195
-1090
-974
-881
-815
-645
-493
-391
-326
-81
92
132
170
327
552
683
742
672
732
910
1064
975
975
1107
1093
945
938
1206
1116
888
920
1011
903
740
840
807
757
688
533
447
636
637
451
328
282
447
466
364
200
221
359
401
260
105
158
370
331
91
21
102
183
92
-18
-104
-180
-163
-168
-322
-446
-486
-486
-604
-718
-834
-876
-846
-955
-1043
-1103
-1154
-1222
-1125
-1044
-1199
-1287
-1166
-961
-980
-1061
-942
-821
-719
-603
-528
-517
-443
-210
-88
-70
-25
99
290
278
360
452
443
577
696
710
626
597
732
884
810
734
728
722
811
777
681
610
814
702
592
574
539
575
536
647
480
333
441
489
382
371
438
347
165
326
325
313
258
124
168
159
164
120
83
-9
-41
13
0
-153
-257
-204
-198
-225
-386
-479
-426
-529
-546
-565
-570
-705
-814
-780
-733
-775
-809
-890
-879
-806
-817
-832
-839
-732
-730
-685
-627
-624
-524
-468
-434
-368
-247
-158
-193
-98
67
37
52
269
278
266
398
456
393
446
638
560
472
660
692
668
576
619
655
594
789
662
516
512
658
528
503
619
448
372
379
426
456
405
257
226
247
389
276
145
119
189
141
92
220
5
-143
16
114
-25
-183
-194
-200
-225
-113
-244
-459
-426
-365
-352
-521
-475
-557
-668
-541
-515
-679
-783
-579
-552
-660
-763
-644
-562
-505
-568
-589
-534
-395
-377
-339
-300
-267
-237
-128
49
-35
-118
32
220
267
171
200
211
242
450
452
402
237
324
514
591
440
244
348
525
506
504
342
256
350
473
513
274
288
358
342
368
314
248
225
392
349
95
209
274
157
220
149
119
85
220
97
-96
47
86
77
-17
-139
-97
-113
-87
-131
-307
-255
-261
-295
-374
-381
-404
-515
-486
-418
-498
-497
-484
-563
-567
-455
-400
-506
-521
-374
-331
-425
-447
-341
-158
-116
-266
-338
-304
41
151
-43
-162
-163
138
200
270
78
-5
215
361
470
220
125
283
487
544
296
234
279
484
539
341
212
211
382
626
386
129
124
384
502
240
164
228
329
209
166
188
121
127
222
223
31
-60
37
78
152
64
-80
-187
-88
42
-36
-163
-250
-143
-102
-295
-246
-191
-306
-348
-287
-209
-384
-485
-337
-261
-284
-394
-418
-430
-300
-155
-295
-460
-317
-220
-127
-144
-306
-368
-120
86
-48
-198
-251
50
130
44
-33
12
112
170
168
157
137
122
217
304
248
79
224
269
238
248
209
124
205
283
213
146
217
244
118
145
237
277
125
174
304
152
90
262
284
104
223
274
105
82
154
227
121
99
38
40
94
18
-13
-118
-64
-38
-94
-165
-244
-265
-194
-171
-134
-413
-476
-291
-194
-238
-425
-397
-371
-313
-232
-326
-361
-347
-281
-205
-159
-193
-252
-318
-20
58
-152
-154
-83
165
114
52
30
20
155
199
148
159
143
164
225
238
203
7
209
307
213
81
132
258
126
124
141
110
216
99
52
126
236
129
11
141
173
193
73
102
115
211
218
59
24
149
214
75
118
55
-27
23
100
19
-30
-79
-62
-75
-126
-154
-123
-53
-159
-277
-234
-198
-82
-212
-264
-265
-250
-155
-161
-166
-240
-198
-204
-108
-116
-162
-147
-33
-75
-186
-96
-38
5
-72
-87
-57
-81
96
-22
-23
23
0
41
-31
39
116
212
25
-124
24
238
231
11
45
18
99
192
205
66
-67
139
239
111
59
56
155
102
194
168
48
144
93
123
170
167
164
15
41
193
65
66
86
40
-52
81
104
-85
-107
-44
-29
17
-76
-118
-224
-128
20
-144
-262
-151
-28
-224
-265
-155
-125
-202
-144
-135
-217
-155
-96
-96
-112
-93
-50
-33
23
-44
-105
-40
191
58
-108
30
97
9
11
169
35
-20
60
111
42
18
109
144
25
11
60
88
107
71
78
51
51
26
51
197
151
-69
-118
165
276
45
-31
-33
25
161
160
8
-97
10
169
87
-35
-91
47
142
42
-46
-141
38
67
-1
-68
-45
11
-61
-74
-84
-19
16
-48
-123
-111
-72
16
-65
-160
-155
-13
15
-168
-201
-127
7
-54
-122
-108
-142
-58
18
-60
-172
-30
86
-4
-122
-17
3
-17
56
103
-74
-96
96
92
20
-41
83
66
29
40
76
46
116
102
28
9
129
234
21
31
34
114
164
113
21
4
69
111
94
35
32
2
77
60
34
-35
-6
71
36
-46
-99
-37
69
42
-76
-138
-112
35
69
-50
-159
-100
-7
40
-96
-90
-67
-61
-2
-22
-76
-126
-18
19
17
-56
-122
-28
9
10
21
-62
-83
4
-11
-46
-9
20
-25
-72
-32
-11
36
30
-19
-18
-23
24
54
72
40
-41
42
88
73
4
58
125
12
35
88
72
13
39
131
53
-16
3
68
96
20
32
-20
-13
71
39
11
-30
1
-20
-6
23
10
-50
-67
27
-16
-77
-39
-4
-35
-78
-62
-51
-46
-18
-56
-128
-66
-7
-17
-71
-135
-76
-35
6
-44
-94
-71
-66
1
-6
-31
-64
-38
17
-26
-6
-13
1
45
27
-43
-60
74
114
17
-15
4
66
46
45
74
60
90
20
26
127
99
66
33
79
83
67
151
43
19
68
99
91
32
66
34
11
44
87
29
-42
22
48
-17
-37
-24
-24
19
-48
-97
-107
-31
-7
-87
-107
-84
-87
-111
-63
-39
-81
-127
-107
-33
-5
-95
-77
-36
-33
-22
-30
5
-34
-25
19
37
-20
-40
77
17
29
1
7
26
18
56
30
23
-31
30
86
0
13
6
31
33
-20
-4
-5
44
23
-30
-16
-36
26
29
21
-21
-43
17
10
15
29
-10
25
11
-17
16
25
78
21
8
23
12
45
45
101
36
-9
15
46
78
82
19
-29
21
84
81
-35
-41
-5
36
66
-31
-72
-82
-6
17
-58
-75
-88
-62
-28
-66
-97
-111
-57
-12
-58
-113
-104
-28
-29
-62
-40
-34
-35
-35
-10
12
-18
-20
2
52
19
9
0
8
46
74
105
4
-15
49
75
92
57
50
23
13
67
61
47
42
52
16
5
3
37
95
24
-47
-55
21
57
37
-26
-72
-49
19
26
3
-45
-48
-63
-46
36
-1
-51
-54
-67
-28
6
16
-14
-69
-31
-28
29
22
-13
-27
-41
21
19
26
3
-12
-8
4
30
18
15
19
6
-17
16
28
13
-20
13
40
-24
-44
21
21
-1
-29
0
3
-10
-3
-18
13
-20
14
10
-29
-27
-5
25
20
-11
-21
-9
-11
34
35
17
-56
-6
31
41
23
-11
-10
-15
16
48
30
-32
-34
9
23
27
16
-30
6
-15
17
4
15
2
-18
-6
-56
39
21
-5
-18
-45
-48
25
60
19
-47
-82
-11
51
63
8
-56
-65
-19
82
22
-15
-25
-56
16
27
17
-20
-6
-16
-8
5
12
32
-19
-37
-4
34
19
-12
11
-40
7
11
35
36
-43
-16
-6
28
38
0
-23
-41
11
17
19
2
-25
-7
-10
-3
26
3
-3
-23
-13
-2
34
2
-8
-13
-24
33
12
11
-23
-2
16
4
11
11
0
-11
-7
18
12
13
-21
-11
16
2
10
3
-13
-11
-1
-3
15
-4
-19
-5
-11
0
7
-13
-13
6
-5
-3
4
-16
1
-3
21
-17
-1
-5
-8
17
0
18
-16
-18
6
16
18
-6
-4
-17
8
40
4
-19
-16
3
10
9
-4
-6
-4
7
3
-10
6
16
20
-24
-20
-7
11
41
-3
-17
-44
-7
25
31
26
-26
-47
-22
19
58
20
-41
-32
-48
19
38
34
-8
-64
-27
6
52
29
-2
-21
-73
24
39
43
-1
-52
-32
-18
53
31
6
-51
-46
23
27
39
0
-30
-27
-1
50
25
3
-38
-19
16
21
17
-17
-15
-23
36
21
-15
-11
-21
17
21
6
-10
-23
-22
11
32
12
-21
-15
-33
4
45
26
-4
-43
-33
2
31
37
5
-47
-45
6
43
37
0
-22
-37
-10
31
29
10
-16
-29
-19
5
33
22
5
-29
-17
-8
12
43
10
-25
-47
-12
23
48
18
-46
-44
-5
58
42
-2
-45
-48
9
51
41
-34
-43
-12
15
38
17
4
-37
-12
33
3
0
-24
-4
-17
0
18
-20
-2
18
22
-10
-24
25
19
-11
-5
-28
-21
-9
27
21
-47
-3
-3
27
37
8
10
-38
-7
4
7
16
-22
-19
-33
-7
27
23
27
-1
-30
0
20
31
26
-10
-12
-40
-6
14
29
27
-43
-26
-27
32
53
22
-4
-53
-17
20
57
20
-25
-51
-36
16
29
32
-23
-30
-35
-7
30
35
24
-46
-42
-24
16
47
27
-19
-62
-33
25
69
26
-29
-47
-30
28
48
31
-37
-37
-14
17
48
11
-10
-28
-15
25
19
11
-5
-18
-31
7
23
2
-5
-13
-15
-2
25
28
0
-23
-14
14
22
16
-1
-30
-17
17
17
2
-15
-17
0
20
15
-7
-9
-11
14
17
6
-10
-22
-2
13
4
-6
-20
-9
1
10
12
-16
-8
4
6
23
-16
-6
-17
11
28
-14
-1
-21
5
23
15
5
-36
-9
16
28
20
-18
-26
-25
19
37
9
-23
-36
-13
19
33
14
-38
-32
-4
30
27
-9
-17
-27
1
33
2
-1
-30
2
6
-2
19
-18
3
-9
-1
18
-11
22
-8
8
-5
-4
10
-2
6
-2
4
-12
-7
2
15
0
-7
12
-22
8
-1
16
4
-22
23
-14
13
-15
2
12
-19
21
-21
-5
-4
2
36
-18
-5
-21
2
23
10
18
-31
-30
2
21
35
-13
-23
-30
-17
32
31
16
-38
-31
-1
19
40
9
-20
-41
-10
34
28
13
-26
-23
-16
33
29
-1
-26
-27
2
15
28
-1
-33
-18
-1
38
6
7
-23
-19
6
21
21
-10
-16
-14
-1
15
15
1
-19
-5
-1
15
4
7
-8
-14
3
8
9
-3
-5
-5
-4
-1
16
0
1
0
-1
10
-6
9
-7
0
8
-15
2
-15
5
-16
7
-14
5
20
-21
-4
-20
61
-32
17
-16
0
17
-20
11
-20
16
-14
-12
17
-7
1
0
-2
11
23
-5
-11
-5
16
14
-4
-15
-17
10
8
15
7
-22
-5
12
17
23
-6
-18
-11
-14
11
-3
8
-25
-21
0
-6
24
0
5
-4
-21
17
12
19
-3
-14
-5
-5
21
13
-2
-12
-18
12
16
8
-2
-24
-9
-1
18
10
-8
-13
-11
6
8
4
0
-5
-9
-1
3
15
0
-5
-13
-11
9
3
15
-13
-17
-11
3
17
-2
0
-10
0
5
11
7
-2
-7
-5
-1
4
7
3
-3
-7
-2
6
11
9
6
-5
-3
-2
5
6
0
-2
-13
-3
4
6
8
-6
0
-3
1
5
-3
2
-3
6
0
-2
-4
0
7
11
-2
-11
-12
1
14
5
-10
-19
-14
1
16
6
-5
-17
-4
5
12
10
-2
-5
-6
-3
4
0
-1
3
1
-3
-2
-4
5
6
7
0
-2
0
1
7
1
-7
-1
-6
-2
-4
-10
0
2
10
6
0
-3
-3
13
10
3
-6
-13
-9
2
-1
-3
-11
-11
-1
2
7
0
3
5
2
8
2
4
2
-1
-2
-5
-1
-1
5
1
-3
-2
-3
1
1
0
-3
-3
0
-1
5
3
3
5
0
2
3
3
2
2
1
-2
1
0
1
0
-1
-2
-3
-3
-4
-4
-5
-5
-3
-4
-2
-1
0
-1
0
2
2
4
2
2
1
2
3
4
2
1
0
1
5
4
3
2
1
0
1
1
1
-2
-2
-3
-1
1
-1
0
-4
-5
-1
0
1
-4
-6
-4
-1
1
-1
-5
-7
-6
-4
-2
1
1
0
-1
-1
-2
-1
-2
-1
0
0
1
4
4
2
5
0
3
2
4
5
2
4
1
4
1
1
0
-2
0
1
2
3
3
2
2
1
4
3
4
4
2
1
-3
-3
-1
-2
-2
-5
-6
-6
-5
-3
-3
-3
-2
-3
0
-3
-5
-4
-3
-1
2
1
2
-1
1
0
-1
-1
-1
0
-2
-4
-3
-2
0
3
4
3
3
4
5
4
2
2
1
0
0
0
-2
-2
-1
0
1
2
3
1
2
0
1
0
-1
-2
-2
0
0
1
1
1
1
1
2
2
3
2
0
1
-1
-1
-2
-1
1
0
2
1
1
-1
-3
-2
-5
-3
-3
-3
-4
-2
0
-1
-1
-1
-1
0
0
-1
0
-1
-1
0
1
0
1
1
2
3
4
4
4
1
1
-3
-4
-4
-4
-4
-2
0
0
0
1
3
3
4
4
2
2
-1
0
0
-1
0
-1
0
2
3
3
2
3
2
1
0
-3
-4
-4
-3
-2
-1
0
0
0
0
1
3
2
3
3
1
2
0
0
-1
-3
-3
-3
-5
-5
-6
-6
-7
-5
-2
0
0
1
1
1
3
1
2
0
0
0
0
1
1
3
2
3
4
4
3
4
4
3
3
2
3
5
5
6
5
5
4
2
2
2
1
-1
-3
-3
-5
-5
-6
-6
-6
-7
-7
-7
-7
-6
-6
-6
-6
-6
-5
-6
-6
-6
-5
-4
-4
-2
-2
-1
1
1
3
3
4
6
6
7
7
5
6
5
6
7
9
11
11
10
8
6
3
2
2
2
2
1
1
0
0
1
-1
0
1
2
2
1
2
0
0
0
-1
-1
-2
-3
-2
-3
-2
-2
-2
-3
-4
-3
-4
-4
-3
-2
-1
-2
-2
-1
-1
-2
-3
-2
-2
-1
-2
-3
-3
-4
-5
-5
-4
-4
-3
-3
-3
-1
0
0
2
2
4
3
2
1
0
0
1
2
4
4
4
4
3
2
0
0
-1
-2
-2
-3
-2
-2
-2
0
1
2
0
1
2
3
3
4
4
2
3
4
2
3
3
3
4
4
3
3
2
1
0
-1
-1
-1
0
0
1
1
2
1
-1
-2
-4
-4
-4
-3
-2
0
2
2
2
2
1
1
2
1
0
-1
-2
-1
0
1
2
1
3
3
4
4
4
2
0
-3
-4
-5
-5
-3
-1
1
1
1
0
-2
-3
-4
-4
-6
-7
-7
-7
-7
-4
-4
-1
0
2
1
2
1
1
1
0
-1
-1
-1
-2
-1
-2
-1
-1
-1
0
1
1
2
2
1
1
2
3
4
3
1
1
0
-1
0
1
2
3
3
2
2
2
3
3
5
3
1
-2
-3
-6
-5
-4
-3
-1
-1
1
2
2
2
1
1
-1
-1
-2
-1
0
1
1
2
3
4
3
4
3
2
2
0
0
-2
-3
-2
-2
-1
0
-1
2
2
3
2
2
3
2
1
-1
-1
-3
-5
-4
-5
-7
-6
-4
-4
-3
-1
1
0
1
1
0
0
0
0
0
-1
-1
-2
-1
0
0
2
2
1
2
1
1
0
1
0
-2
-3
-1
-2
-2
0
2
1
4
5
5
4
2
3
2
1
-1
-1
-2
-3
-3
-2
-2
-2
0
-1
0
2
2
2
1
0
-2
-2
-2
-3
-2
-1
0
-1
1
2
2
3
3
2
2
1
1
2
1
2
3
3
3
2
2
1
1
1
0
0
-1
-1
-1
-2
-3
-2
-1
-1
-1
-1
0
-2
-1
-1
0
-1
0
-1
-1
-2
-3
-5
-5
-6
-6
-6
-6
-5
-2
-3
-1
-1
-1
0
1
-1
0
0
0
0
-1
0
2
4
4
6
5
5
6
5
3
3
1
1
1
0
-1
0
1
3
3
4
5
5
3
2
0
-1
-3
-5
-5
-6
-5
-4
-4
-4
-1
-1
0
2
2
2
3
3
2
1
-1
-1
-3
-3
-1
0
0
1
3
3
5
5
4
3
2
0
-3
-3
-2
-2
-3
-1
0
-2
-1
-1
0
2
2
2
2
-1
-2
-2
-2
-1
-1
1
1
1
1
1
1
3
2
2
2
0
-3
-4
-6
-5
-6
-7
-5
-6
-5
-2
-1
-1
0
1
1
1
0
0
0
1
2
3
3
3
3
1
2
2
1
-1
-1
-1
-2
-1
1
3
4
5
5
3
3
2
0
0
-1
-1
-2
-1
-2
-4
-5
-5
-6
-3
-3
-1
0
1
4
3
3
5
3
1
0
-1
-3
-2
-2
-1
0
0
2
3
3
3
3
3
2
3
2
0
-1
-2
-1
-1
0
0
0
-1
-1
1
3
3
3
2
1
0
-1
-2
-3
-4
-4
-5
-5
-6
-5
-3
-3
-2
-1
-2
-1
-1
-3
-2
-3
-2
-1
-1
-2
0
0
1
1
3
2
3
3
2
3
3
5
4
4
5
5
3
4
2
1
1
1
2
0
-1
0
-1
0
0
-1
-2
0
0
0
-1
-1
-2
-2
-2
-3
-2
-1
-1
0
-1
-2
-1
-2
-1
-1
-1
1
0
1
0
0
0
-1
-1
-2
-2
-2
-2
-1
0
0
1
0
0
1
2
2
1
1
0
1
0
1
0
-1
-2
-2
-2
-2
-1
-1
0
0
1
2
3
3
4
4
4
4
3
3
2
3
1
1
2
5
3
2
1
0
-1
-1
-2
-3
-3
-4
-3
-3
-4
-4
-2
-2
-1
-3
-3
-4
-5
-4
-4
-4
-4
-3
-5
-4
-4
-3
-1
-1
1
0
1
2
2
2
2
3
2
4
3
4
3
1
2
2
3
2
3
2
3
3
3
4
5
5
4
5
3
1
2
1
1
1
2
2
2
3
2
1
1
0
-1
-2
-3
-5
-6
-6
-6
-6
-5
-3
-1
0
2
3
3
4
2
2
0
0
-3
-5
-7
-6
-6
-6
-6
-6
-4
-3
-1
-2
-1
-1
-1
-2
-1
-1
-1
-2
-2
-1
-2
-2
-2
-1
0
0
2
1
1
2
3
4
3
3
4
3
4
3
3
4
5
6
6
7
5
3
3
2
0
0
0
0
0
0
0
0
0
0
0
2
4
3
4
1
0
-2
-2
-2
0
1
2
4
3
3
2
1
0
-2
-2
-4
-5
-4
-6
-7
-7
-5
-5
-5
-3
-2
-1
-1
-1
-2
-2
-2
-4
-5
-4
-4
-3
-3
-3
-2
-2
-1
-1
0
1
1
1
0
2
0
-1
-1
-1
-1
1
1
3
2
1
1
2
1
0
-1
0
0
-1
0
0
0
1
2
3
5
6
5
5
4
1
2
1
1
1
1
2
4
4
5
5
3
2
1
1
2
1
1
1
1
1
0
-2
-2
-2
-2
-2
-2
-4
-4
-3
-4
-4
-4
-3
-2
-2
-1
0
1
1
-1
-1
0
-1
-2
-2
-2
0
0
-2
-1
-2
-1
-2
-2
-3
-3
-3
-2
-4
-4
-3
-4
-5
-3
-2
-1
-1
0
2
3
4
4
4
5
5
4
5
5
5
3
1
1
1
2
2
3
3
2
2
2
1
0
0
-1
0
0
0
0
-1
-2
-2
0
-1
0
-1
-1
-2
-4
-3
-4
-3
-2
-3
-2
-2
0
1
1
1
1
1
2
1
1
1
1
0
1
1
1
2
1
1
2
1
0
1
-1
0
0
-1
-1
0
-1
-1
0
1
1
3
2
2
2
2
2
2
2
2
2
2
2
1
1
-1
-1
-1
0
0
-1
-1
-1
-3
-3
-3
-4
-5
-5
-5
-4
-4
-3
-2
-1
0
1
1
1
2
2
1
1
1
0
0
0
1
0
0
0
0
0
0
1
0
1
1
2
4
5
5
4
3
2
2
2
1
0
-1
-1
-2
-2
-2
-1
0
0
2
1
4
4
4
5
4
2
2
0
-1
-1
0
-1
-2
-1
-3
-4
-3
-3
-3
-4
-4
-3
-3
-4
-5
-5
-5
-6
-5
-4
-3
-2
-1
-1
0
1
1
0
0
-1
0
0
0
2
3
3
3
2
3
4
3
2
2
1
1
1
1
0
0
-2
-3
-2
-1
0
1
2
1
1
0
1
1
1
2
2
3
4
3
4
2
2
1
3
2
2
2
1
1
1
0
1
0
-1
-1
-1
0
0
1
0
1
0
0
-1
-1
-2
-3
-4
-4
-3
-3
-2
0
-1
0
0
-1
-1
-2
-2
-3
-3
-4
-3
-4
-3
-1
0
1
0
1
0
1
0
-2
-3
-3
-3
-3
-3
-3
-1
0
0
0
-1
-1
0
0
1
1
2
2
2
2
2
3
3
4
4
5
4
5
5
5
4
3
4
4
3
2
1
1
0
1
0
0
-1
-1
-1
1
-1
0
-1
-3
-4
-5
-6
-6
-7
-7
-8
-6
-6
-4
-4
-3
-2
-2
0
1
2
3
3
2
0
2
2
3
3
4
4
4
6
5
4
2
3
2
1
0
-1
-2
-2
-2
-3
-2
-2
0
-1
0
-1
-1
-1
-3
-3
-3
-2
0
1
1
2
4
4
4
4
3
2
2
1
1
1
2
2
2
2
2
2
3
3
3
2
2
0
0
-2
-1
-1
-2
-2
-3
-3
-4
-4
-5
-5
-4
-4
-3
-1
0
0
1
0
1
-2
-3
-3
-4
-5
-5
-4
-3
-3
-1
-1
0
1
1
1
0
1
0
1
1
1
2
3
3
4
4
1
1
2
2
3
4
4
4
5
5
6
4
5
4
2
0
0
-1
-1
-1
1
1
0
0
-1
-2
-2
-2
-1
0
-1
-1
-1
0
-1
-2
0
-1
1
-1
-1
-2
-1
0
0
0
0
1
1
1
-1
0
0
-2
-1
-2
-2
-2
0
0
1
2
2
1
3
4
4
3
3
1
1
0
0
-1
-1
-3
-3
-3
-3
-3
-3
-2
-3
-2
-3
-3
-2
-3
-2
-2
-2
-1
-1
-1
-2
-1
0
0
0
0
0
-1
1
1
2
2
3
3
3
2
2
2
3
3
2
1
0
1
0
-1
0
0
3
4
2
1
1
0
-3
-3
-2
0
-2
-1
-1
0
1
1
2
2
2
1
1
0
-1
-2
-1
-2
-1
-1
-1
-1
-1
-1
-1
-2
-3
-2
-3
-1
-2
-2
-2
0
1
2
4
3
4
4
4
5
4
4
4
4
3
3
3
3
2
2
2
3
2
2
1
-1
-3
-5
-6
-6
-7
-7
-7
-7
-6
-5
-5
-5
-3
-2
-2
0
0
-2
-2
-2
-3
-4
-3
-5
-3
-2
-2
-2
-1
1
2
3
4
5
4
5
5
5
4
5
4
5
4
5
5
4
5
5
5
5
5
4
3
2
1
-1
-1
-2
-1
-2
-2
-2
-3
-3
-3
-4
-5
-5
-4
-5
-4
-4
-4
-1
-1
1
3
2
3
4
3
3
3
2
3
3
3
1
0
0
0
-1
-2
-1
-2
-2
-2
-2
-3
-3
-4
-4
-5
-4
-5
-4
-3
-3
-2
0
1
2
1
4
3
3
3
2
2
1
1
1
1
1
0
0
-1
-1
-1
-1
-1
-1
0
-1
-1
-2
-1
-2
-2
-2
-3
-2
-2
-2
-2
-2
-3
-2
-1
-1
1
2
3
2
1
1
2
2
1
2
2
2
2
2
2
3
3
4
4
4
5
4
3
3
3
1
2
1
0
0
-1
0
-1
-1
-2
-3
-2
-1
-1
1
1
3
3
2
1
1
-1
0
0
-1
-2
-1
-2
-2
-1
-1
-1
-1
-1
-2
-1
-2
-3
-4
-5
-5
-4
-4
-3
-2
-2
0
1
1
1
0
1
1
1
0
-2
-2
-2
-2
-2
-2
-1
-1
-1
0
1
2
1
0
-1
-1
-3
-3
-4
-4
-4
-4
-3
-1
0
0
2
3
3
3
4
6
6
8
10
10
9
9
8
8
6
7
4
2
2
0
0
-2
-2
-2
-2
0
0
0
-2
-2
-2
-4
-3
-3
-3
-1
-2
-3
-2
-3
-3
-1
-2
0
-1
1
0
1
0
0
-1
-2
-1
-2
0
-2
-2
-1
0
0
0
-1
-1
1
1
1
0
-1
-2
-2
-3
-2
-2
-1
0
0
0
0
0
0
0
1
-1
0
-1
0
2
1
1
2
2
4
1
1
1
1
0
0
0
0
1
-1
-1
-2
-1
-3
-4
-2
-1
-1
-1
-2
-2
-2
-2
-2
0
0
2
2
3
4
4
3
2
2
1
1
1
1
1
1
0
2
-1
1
0
1
1
0
1
0
1
2
2
1
1
0
-2
-2
-2
0
0
0
0
0
-1
0
0
0
0
1
2
2
1
1
0
0
0
-1
0
-1
0
1
1
2
3
2
3
3
1
0
-1
-3
-4
-5
-5
-6
-6
-5
-6
-6
-6
-5
-5
-3
-3
-2
0
0
0
0
0
0
-1
1
0
0
1
2
3
3
2
3
2
5
4
3
2
1
0
-2
-2
-2
-3
-3
-1
-1
0
0
-1
0
-2
-1
0
0
1
2
3
5
5
4
5
3
2
1
0
2
3
4
5
5
6
5
4
4
3
2
0
-3
-2
-2
-3
-2
-2
-1
-1
0
0
-2
-2
-3
-3
-2
-2
-3
-5
-4
-5
-5
-4
-4
-4
-4
-3
-2
-1
-1
0
0
-1
-2
-1
-1
-2
-2
-1
-1
0
0
1
2
3
4
4
3
3
3
2
1
1
1
1
0
-1
-2
-2
-3
-3
-3
-5
-3
-3
-4
-3
-2
0
2
3
4
4
4
4
3
1
1
1
1
2
2
2
1
2
2
2
3
3
2
1
0
0
0
-1
0
-1
0
2
3
4
4
2
2
2
2
1
1
1
2
1
-1
-2
-4
-5
-5
-5
-5
-4
-3
-2
-3
-4
-6
-6
-8
-9
-8
-8
-5
-5
-3
-1
1
1
2
4
4
4
6
6
6
7
7
7
6
6
6
5
4
4
3
2
0
1
1
1
2
1
0
0
1
0
-1
-2
-2
-3
-3
-2
-3
0
-2
-1
-1
0
0
-1
0
0
-1
0
0
0
-1
-1
-1
0
1
2
2
2
2
1
1
1
1
0
1
-1
-2
-3
-5
-7
-9
-11
-13
-17
-16
-16
-17
-17
-17
-16
-15
-14
-14
-16
-16
-13
-12
-10
-6
-2
1
6
11
14
19
24
26
