SAMPLES:	22044
BITSPERSAMPLE:	16
CHANNELS:	1
SAMPLERATE:	16000
NORMALIZED:	FALSE
-1
-1
-2
-2
-1
0
0
2
2
1
2
3
3
1
0
0
0
0
2
2
2
1
1
1
1
0
-1
-1
0
0
2
2
2
2
2
1
2
2
2
3
3
2
1
1
1
-1
-1
-2
-2
-3
-3
-4
-5
-5
-5
-4
-4
-3
-3
-4
-3
-3
-2
-2
-2
-1
-1
-1
0
0
1
1
1
1
1
1
0
0
1
1
2
3
3
4
3
4
4
4
3
2
2
2
1
4
5
4
4
3
4
2
2
1
1
0
0
-1
0
-1
-2
-2
-3
-3
-3
-1
-2
-1
-3
-3
-4
-4
-3
-2
-2
-2
-1
0
1
1
0
-1
-1
-1
-2
-2
-2
-2
-1
0
1
1
2
1
2
1
2
2
2
1
1
1
-1
-1
1
0
1
1
1
0
0
0
-1
-3
-3
-3
-3
-3
-1
0
0
0
1
2
1
0
1
0
1
0
0
0
-1
0
-1
-1
0
0
0
2
2
2
3
5
5
4
3
2
2
1
0
0
0
0
-1
-1
-1
-2
-2
-3
-4
-4
-3
-3
-2
-2
-2
-2
-2
-1
-2
-1
-2
-2
-1
-3
-2
-1
-1
-2
-3
-1
-1
0
1
2
1
2
3
3
4
4
3
3
3
2
2
2
3
1
1
0
0
1
2
2
1
2
1
1
0
1
2
2
2
1
0
0
-1
-1
-1
-3
-2
-1
-2
-1
0
-1
0
0
0
-1
-1
-2
-1
-2
-3
-4
-4
-4
-2
-2
-1
-1
-1
-2
-2
-2
-2
-2
-4
-3
-2
-2
-1
1
2
2
2
3
2
2
2
3
2
0
-1
-1
-1
-1
0
0
1
1
3
1
1
1
1
0
0
-1
0
1
3
3
3
2
1
1
1
1
1
1
0
0
-2
-2
-2
-2
-2
-1
0
2
2
1
1
1
1
0
0
1
0
0
0
-1
1
1
2
2
1
1
2
1
0
1
-1
-1
-2
-2
-4
-4
-4
-4
-4
-3
-3
-2
-2
-2
0
1
0
0
0
0
-1
-2
-2
-1
-1
-2
0
1
0
2
2
1
4
3
3
3
3
3
2
2
2
1
1
2
2
2
1
0
-1
0
0
0
1
1
2
1
2
1
1
-1
-2
-2
-4
-4
-4
-3
-1
-2
-1
0
1
-1
0
-1
0
0
2
1
1
0
0
1
1
1
2
1
0
-2
0
0
-1
1
0
0
0
1
1
1
1
0
0
0
0
0
0
1
0
0
0
0
-2
-2
-1
-1
-1
-1
-2
-1
-2
-2
-3
-3
-2
-3
-2
-1
-2
0
1
2
2
2
1
2
2
2
1
2
2
3
3
3
4
3
1
0
1
2
3
3
1
1
0
0
0
-1
-1
-2
-2
-1
-2
-2
-2
-1
-2
-4
-3
-3
-3
-2
-2
-1
-1
-1
-1
-2
-1
0
0
0
-1
0
-1
0
-1
-2
-1
-2
-1
0
1
2
2
3
3
2
2
2
1
2
2
3
2
2
2
3
3
3
3
4
3
2
2
2
0
0
1
0
0
0
0
0
0
-2
-2
-4
-4
-3
-3
-3
-3
-3
-3
-4
-4
-4
-4
-3
-3
-2
-2
-2
-3
-1
-2
-2
0
-1
1
2
3
3
3
3
2
2
0
1
0
-1
0
1
1
1
0
1
2
1
1
1
-1
-2
-1
-1
1
1
-1
1
0
-1
-2
-1
-1
-1
0
0
-1
-1
-1
-1
0
0
1
1
2
3
3
2
2
2
2
2
2
3
3
3
1
-1
0
0
1
1
1
0
0
-1
-2
-1
-2
-2
-1
-1
-1
-2
-2
-3
-3
-4
-5
-4
-5
-6
-5
-5
-3
-2
-2
0
1
3
3
3
1
1
0
1
0
1
1
1
1
2
3
2
1
3
2
2
1
1
2
3
4
4
5
3
3
3
2
1
1
0
-1
-1
-1
-2
-1
0
1
0
-1
0
1
1
1
0
0
0
-2
-2
-2
-3
-2
-4
-4
-3
-2
-1
-1
0
1
1
0
2
2
0
1
2
1
1
0
-1
-1
-1
-1
-1
-1
-1
0
-1
-2
-1
-1
1
1
1
1
2
1
2
1
-1
0
1
0
0
-1
-2
-1
-1
0
0
0
-1
0
1
0
0
0
1
1
1
2
2
1
2
1
1
1
-1
0
0
-1
-1
0
-1
1
1
2
3
3
3
2
1
-1
-1
-3
-3
-2
-1
-1
-1
1
-1
-1
-1
-1
-2
-1
-2
-2
-1
0
0
1
0
-1
0
0
1
0
0
0
-1
-2
-1
-2
-1
-2
-3
-2
-3
-1
-1
-1
-1
0
0
0
1
3
2
2
1
0
-1
-1
-1
-1
1
0
0
3
5
6
9
11
11
10
10
10
10
6
5
5
3
0
-2
-3
-4
-4
-4
-4
-5
-7
-7
-9
-9
-7
-8
-8
-7
-8
-9
-8
-4
-3
-5
-5
-6
-7
-7
-3
0
-1
-3
-2
-4
-8
-9
-6
-5
-9
-8
-1
5
17
46
82
99
109
118
108
87
60
33
-11
-69
-126
-180
-224
-251
-236
-197
-164
-117
-62
-16
10
37
75
99
106
105
102
88
66
70
97
132
176
215
234
228
205
188
158
111
62
7
-63
-144
-204
-241
-251
-237
-210
-170
-139
-120
-106
-104
-104
-99
-97
-104
-122
-138
-138
-118
-70
6
95
178
244
288
304
298
277
244
196
135
67
1
-58
-96
-106
-92
-64
-33
-9
-1
-10
-29
-51
-73
-97
-120
-144
-167
-179
-171
-138
-86
-24
39
90
123
144
154
158
154
144
123
96
68
46
35
37
50
65
79
83
73
51
21
-16
-56
-96
-134
-171
-201
-221
-222
-206
-173
-124
-69
-20
18
45
61
65
65
62
52
37
19
7
4
15
39
72
103
124
131
123
106
82
54
23
-13
-51
-86
-113
-125
-122
-103
-74
-47
-28
-18
-18
-18
-22
-24
-25
-29
-31
-34
-32
-21
0
30
61
91
114
126
131
125
113
100
81
60
34
8
-13
-28
-36
-35
-30
-25
-24
-26
-32
-40
-47
-59
-67
-76
-80
-82
-82
-77
-67
-50
-29
-8
13
30
41
46
45
43
37
32
28
24
21
19
18
19
21
24
28
29
26
20
9
2
-8
-16
-22
-26
-30
-33
-33
-32
-28
-20
-13
-5
0
4
7
9
8
9
9
10
10
11
11
10
14
19
26
30
32
27
19
11
2
-5
-12
-15
-18
-20
-21
-21
-20
-17
-13
-11
-11
-12
-15
-16
-18
-18
-14
-10
-5
0
5
7
10
13
14
15
16
14
13
11
10
11
8
8
9
7
5
1
-2
-6
-9
-11
-13
-12
-9
-5
-6
-6
-7
-8
-8
-9
-8
-5
-3
-1
3
6
7
9
8
8
7
6
4
1
-3
-4
-6
-6
-4
-2
-1
0
-1
-2
-3
-3
-3
-3
-1
-3
-5
-4
-5
-1
3
6
11
14
18
19
19
20
19
19
17
12
9
5
3
1
0
-1
-3
-5
-8
-10
-13
-14
-15
-17
-18
-18
-19
-18
-17
-16
-15
-14
-11
-10
-9
-6
-6
-4
-3
-1
0
2
3
5
7
9
10
10
13
13
13
14
15
13
12
13
12
11
9
7
5
3
1
0
-3
-4
-2
-1
0
1
2
3
3
0
-1
-3
-5
-7
-8
-7
-6
-5
-4
-2
0
0
1
0
0
-1
-3
-2
-2
-2
-2
-2
-2
-2
-2
-1
-2
-1
-2
-3
-3
-4
-2
-2
-2
0
1
2
2
1
2
1
1
-1
-1
-1
-1
-1
-1
0
0
1
0
0
0
-1
-1
-1
-2
-2
-2
-2
-1
-1
0
-1
1
0
1
1
1
1
1
2
3
3
3
4
4
5
4
5
4
3
2
2
1
1
2
2
3
4
3
3
2
2
1
-1
0
-2
-3
-3
-4
-5
-5
-5
-6
-5
-4
-5
-4
-5
-3
-3
-3
-2
-1
-2
-1
-1
-1
0
-1
1
0
0
0
2
2
1
2
1
0
0
-1
0
0
0
0
1
1
1
2
2
3
1
1
2
1
2
1
2
1
0
1
2
2
2
2
2
2
1
0
1
1
1
0
0
0
-1
-2
-2
-2
-2
-3
-3
-2
-3
-3
-3
-4
-4
-3
-2
-2
-2
-3
-3
-2
-1
-1
-2
0
0
-1
0
0
0
0
1
2
2
2
3
2
1
1
1
0
0
0
0
0
0
0
0
1
0
2
1
2
2
1
0
1
1
2
1
0
1
0
1
0
0
-1
1
1
-1
0
-2
-1
-1
-1
0
0
1
2
2
2
2
2
2
0
1
1
-1
-1
-2
-2
-1
-1
0
0
1
0
0
-1
-2
-3
-3
-3
-3
-2
-2
-1
-1
0
0
-1
-2
-2
-1
-2
-2
-2
-1
-1
-1
0
1
1
1
1
1
1
2
3
2
2
2
1
1
2
0
1
1
2
0
1
2
1
1
2
2
2
1
1
0
0
1
0
0
0
0
0
0
0
-1
-1
-2
-2
-2
-2
-2
-1
-1
1
1
1
1
1
0
0
-1
-1
-2
-2
-2
-1
-2
0
-2
-2
-2
-1
-1
0
1
0
0
-1
1
1
0
0
0
-1
0
0
1
1
1
1
0
0
0
0
0
0
0
0
1
1
0
0
-1
0
-1
0
0
0
-1
0
0
1
0
0
1
0
-1
1
0
0
1
3
2
1
1
-1
-1
0
0
1
0
-1
-2
-1
-1
-1
-1
0
0
-1
-2
-1
-2
-1
-2
-2
-2
-2
0
0
0
0
0
-1
-1
0
-1
1
2
2
3
3
2
2
1
0
1
-1
-2
-1
-1
-1
1
1
2
3
2
0
1
-1
-2
-1
-2
-3
-3
-2
-1
-1
-1
-1
0
1
2
0
0
-1
0
0
0
0
0
1
1
3
3
2
2
1
1
1
2
1
1
0
1
0
-1
-1
-1
-2
-2
-2
-2
-1
-1
0
-1
-1
-1
-1
0
1
-1
-2
-1
-1
-2
-2
-2
-1
0
-1
-1
-2
-3
-3
-2
0
0
0
1
0
0
0
0
0
0
0
1
1
0
0
0
1
2
3
2
3
2
1
1
-1
-1
-1
0
0
2
1
1
3
2
4
3
3
3
2
0
0
1
1
1
0
0
-1
-2
-4
-3
-3
-2
-2
-3
-3
-3
-3
-3
-3
-4
-4
-4
-3
-3
-3
-3
-3
-1
-1
1
1
0
1
1
0
1
1
1
3
4
3
5
4
5
5
3
2
2
1
0
0
0
0
0
1
1
2
2
3
2
2
1
0
-1
-2
-1
-1
0
0
-1
0
-1
-2
-2
-1
-1
0
-1
-2
-1
-1
0
-1
-1
0
0
0
0
-2
-1
-2
-2
-1
-1
-1
0
0
0
-1
0
-1
-1
0
0
0
-1
0
0
1
1
1
1
2
1
1
1
1
1
0
-2
-1
-2
-2
-1
0
-1
-1
0
-1
0
2
2
2
1
1
2
3
2
1
1
0
0
-1
0
0
0
2
3
4
3
2
3
2
1
0
0
0
0
-2
-1
0
-1
-1
0
-1
0
0
-1
-2
-4
-3
-3
-2
-1
-1
-1
-1
-1
-1
-1
-1
0
-1
-1
-1
-1
-1
0
0
0
0
0
0
1
1
0
0
-1
2
1
1
0
1
0
1
0
1
1
0
0
0
0
-1
-1
0
1
1
2
2
1
3
3
2
1
2
0
0
0
0
0
-1
0
-2
-2
-1
-1
0
0
0
0
2
1
2
2
0
-1
-1
-2
-3
-2
-2
-1
-1
-2
-2
-2
-3
-3
-1
-3
-3
-1
-2
-1
-1
-1
0
-1
0
0
-1
0
1
1
1
1
1
2
3
1
1
1
0
0
0
1
2
1
2
0
1
1
1
0
-1
-2
0
-1
-1
0
-1
0
-1
2
-1
1
0
0
1
1
1
2
1
2
2
2
2
2
2
2
1
2
2
2
2
1
0
0
-1
-1
-1
0
-2
-3
-3
-3
-3
-3
-3
-5
-6
-5
-4
-5
-4
-4
-3
-2
-1
0
0
1
1
1
2
3
1
2
0
-1
0
0
1
2
3
4
6
6
4
4
3
1
1
3
2
2
3
2
1
1
1
1
0
1
0
0
0
1
0
-1
0
-1
-1
-1
-1
-1
-3
-3
-3
-3
-3
-1
-1
-1
-1
-1
-2
0
-1
0
-1
-1
0
2
2
3
2
1
0
1
0
-1
-2
-2
-2
-2
-2
-2
-2
-1
-1
0
0
0
0
1
2
0
0
-1
0
-1
-1
0
0
0
1
0
-2
-1
0
0
0
1
1
2
4
4
4
3
2
1
0
-1
0
0
0
1
-1
-1
0
0
1
0
0
0
0
0
-1
0
1
0
-1
-2
-2
-1
-1
-3
-2
-3
-1
-1
-2
-3
-2
-3
-2
-2
-1
0
0
-1
0
-1
0
0
-3
-2
-2
-2
0
0
1
1
1
2
3
2
2
2
2
2
1
1
1
1
2
0
0
0
1
2
2
3
4
3
3
1
1
1
1
-1
0
1
0
-1
-1
1
1
0
0
-1
-1
-2
-2
-2
-2
-2
-2
-1
0
0
-1
0
0
0
-1
-1
-1
-1
-2
-1
-1
-1
-1
0
-1
0
1
-1
0
0
-1
-1
0
-1
-1
0
0
0
0
-1
1
2
1
2
1
1
1
-1
-2
-3
-2
-3
-1
0
1
2
2
1
2
1
-1
-1
-2
-1
-1
-2
-1
-2
-1
0
1
1
0
1
2
2
2
2
2
3
2
3
3
3
3
2
2
2
3
2
1
1
1
0
-1
-1
-1
-1
-2
-2
-2
-3
-2
-3
-3
-3
-3
-3
-2
-2
-3
-2
-3
0
-1
0
1
1
0
0
0
0
1
1
-1
0
2
2
1
2
3
2
2
3
3
4
4
1
2
1
0
-1
-2
-2
-2
-2
-2
-1
-1
0
0
1
1
2
1
0
1
0
0
-1
-1
-1
0
-1
-2
-3
-3
-3
-2
-1
-1
0
0
0
1
1
0
1
1
0
2
2
4
3
3
2
1
0
0
-1
0
-1
0
-1
1
0
0
0
0
0
1
1
1
1
-1
-3
-3
-2
-3
-1
-2
0
-1
-1
-1
0
1
1
1
1
0
0
1
1
0
1
1
1
0
1
2
0
0
0
1
0
-1
0
0
0
0
0
1
1
2
1
1
1
2
0
-1
-1
-1
-2
-3
-3
-3
-2
-1
-3
-3
-2
-1
-1
-1
-1
-1
-1
-1
-1
-1
-1
-1
1
1
2
2
0
1
1
-1
0
0
0
0
0
1
2
2
2
1
2
0
1
1
1
1
1
1
2
2
3
2
3
3
3
1
0
1
0
-1
-1
-1
0
2
1
1
2
3
2
1
1
0
-2
-3
-4
-4
-5
-4
-3
-2
-1
-1
-2
-1
-1
-2
-1
-1
-1
-2
-2
-3
-1
-1
-2
-3
-2
-1
1
1
1
2
2
3
1
2
2
2
2
1
1
1
1
0
0
-2
-1
-1
-2
-2
-1
-1
0
-1
1
0
2
2
2
1
0
0
-1
-1
-1
-2
-1
-1
0
1
2
3
5
4
6
5
4
5
2
1
0
0
1
1
1
0
1
1
2
2
1
1
-1
-2
-3
-4
-5
-6
-6
-4
-3
-3
-2
0
0
0
-1
0
0
0
-1
-2
-4
-2
-2
-1
-1
-1
-2
-1
-1
0
2
2
2
3
1
2
2
3
4
2
3
2
3
2
2
2
4
4
3
4
3
3
2
1
1
0
0
1
2
1
1
0
-2
-2
-3
-4
-4
-2
-2
-2
-1
-1
-2
-2
-1
-2
-2
-2
-2
-1
0
1
1
2
2
2
2
2
1
2
1
0
0
-1
-1
-1
-1
-1
0
1
1
1
1
0
0
0
0
-1
-2
-1
-2
-1
-2
-3
-1
-1
-2
-2
-2
-2
-2
0
1
1
2
2
3
2
2
1
0
1
2
-1
-1
0
0
0
1
2
4
2
2
1
1
1
0
1
1
1
1
1
0
0
2
3
1
2
1
0
-2
-2
-3
-3
-4
-5
-5
-6
-6
-5
-4
-2
-2
-2
-1
0
0
0
0
0
-1
-1
-1
-2
-1
-1
2
3
5
4
6
5
4
3
3
2
1
0
0
-1
1
1
2
2
1
1
1
0
0
0
0
0
-1
-2
-3
-2
-2
-2
-2
-1
-1
2
2
2
1
1
1
0
-1
-1
-1
-2
-1
0
-1
-1
-1
0
0
1
2
2
2
2
0
-1
-2
-3
-4
-4
-5
-5
-4
-3
-2
1
3
3
3
2
2
2
0
-1
-1
-2
-2
-1
-1
-1
1
0
1
0
-1
0
0
-1
-2
-2
-2
0
1
0
2
3
3
3
2
2
3
3
2
2
2
2
2
2
1
1
0
-1
0
-1
-1
-1
-1
-1
-2
-3
-1
-2
0
0
1
1
0
0
0
-1
-2
-3
-2
-4
-3
-3
-2
-1
-1
1
0
1
1
1
-1
-1
-2
-5
-4
-4
-2
0
0
1
2
2
3
4
5
4
4
2
2
1
0
-1
0
0
1
2
2
2
2
2
2
0
1
1
0
0
0
0
-1
0
-1
-2
-1
-1
1
0
3
3
4
4
4
3
2
1
0
-2
-3
-3
-2
-4
-3
-3
-2
-1
0
0
-1
0
-1
0
0
-1
-2
-2
-2
-2
-2
-2
0
0
0
1
1
1
2
3
1
0
-1
-1
-1
-1
0
-1
0
1
1
-1
-1
-1
-1
-1
1
0
2
1
0
1
0
-1
-1
-1
-1
-1
0
1
1
1
0
0
1
0
2
2
3
2
2
1
1
1
2
2
1
0
2
2
1
1
-1
-1
0
0
0
-1
0
-1
-1
-2
-1
-2
-3
-3
-3
-1
-1
-2
-2
0
-1
0
0
-2
-1
-2
-1
-2
-1
-3
-3
-3
-3
-3
-2
-1
-2
0
2
3
4
4
3
4
4
4
4
4
3
3
3
1
1
2
1
1
1
0
1
1
1
-1
-1
-1
-1
-2
-1
-1
-1
-1
-1
1
1
0
-1
-1
-1
-2
-2
-1
-2
-3
-3
-2
-3
-3
-2
-3
-1
0
1
2
1
2
1
0
-1
-2
-3
-1
-1
0
2
3
3
3
3
2
3
3
3
2
0
-2
-1
-4
-3
-3
-2
-2
1
2
1
2
1
-1
-3
-4
-4
-4
-3
-2
1
3
4
3
4
2
1
0
-1
-2
-3
-4
-4
-4
-3
-2
0
1
3
5
5
7
6
5
3
2
0
1
2
1
1
2
2
4
3
3
1
0
-1
-3
-4
-5
-3
-5
-4
-5
-4
-3
-4
-3
-3
-2
-2
-3
-2
-3
-2
-1
0
0
-1
-2
-2
-2
-2
-1
0
-1
1
2
3
4
4
3
3
5
4
4
3
2
2
1
2
3
3
4
4
4
5
4
4
4
2
1
0
-1
-1
-3
-4
-3
-2
-1
-1
-1
0
-1
-1
-2
-3
-3
-4
-5
-4
-4
-3
-3
-2
-1
-2
-1
1
0
1
1
1
0
1
0
-1
0
-1
-2
-3
-2
-1
0
1
2
2
2
2
2
3
1
1
1
0
0
-1
-1
-1
-1
0
-1
0
0
0
0
-1
-1
-1
0
0
0
1
2
2
2
1
-1
1
1
1
0
0
1
1
0
-1
0
-1
-1
1
2
4
4
4
5
5
4
5
5
4
4
5
6
5
4
1
2
3
1
1
0
2
0
-1
-1
-3
-8
-11
-11
-14
-17
-15
-16
-17
-17
-15
-14
-12
-10
-8
-3
-2
2
6
8
9
8
9
9
6
4
5
3
2
2
4
2
1
4
6
6
7
9
10
10
10
12
12
12
11
10
8
7
5
3
1
-1
-3
-4
-5
-6
-6
-8
-8
-7
-5
-7
-6
-6
-5
-5
-4
-5
-7
-6
-8
-9
-11
-12
-12
-12
-11
-10
-7
-5
-3
1
5
7
8
11
12
11
11
11
10
7
5
4
3
0
0
1
0
1
3
4
5
4
2
2
2
0
-3
-6
-10
-14
-15
-14
-15
-16
-13
-7
-4
1
8
15
18
20
25
26
24
20
14
7
0
-7
-12
-17
-20
-22
-19
-17
-14
-9
-4
0
0
2
2
0
-5
-9
-18
-25
-37
-47
-59
-76
-87
-98
-106
-112
-123
-130
-124
-122
-113
-105
-95
-77
-55
-31
-6
21
51
82
116
146
185
223
248
274
290
315
336
334
326
306
283
263
227
183
140
98
63
34
12
1
0
12
34
59
89
117
138
152
149
136
105
63
11
-51
-107
-168
-216
-256
-280
-290
-289
-265
-235
-190
-141
-87
-36
10
52
70
75
64
41
-4
-61
-122
-191
-264
-340
-405
-463
-507
-535
-554
-563
-570
-572
-583
-598
-631
-674
-718
-779
-860
-941
-1001
-1080
-1163
-1210
-1217
-1227
-1210
-1102
-970
-780
-570
-291
9
311
664
1021
1451
1857
2195
2595
2981
3369
3659
4186
4772
5061
5245
5486
5720
5503
5140
4923
4358
3395
2210
1106
-207
-1726
-2970
-4190
-5430
-6609
-7368
-7818
-8237
-8206
-7787
-7165
-6536
-5713
-4515
-3390
-2279
-1151
2
952
1614
2303
2885
3264
3483
3658
3745
3575
3416
3353
3206
2954
2800
2713
2451
2005
1668
1319
767
117
-558
-1267
-2136
-2951
-3633
-4261
-4687
-4955
-4981
-4861
-4513
-3874
-3110
-2132
-1160
-135
871
1742
2530
3089
3558
3746
3685
3478
3022
2490
1780
1029
233
-568
-1222
-1822
-2246
-2508
-2620
-2524
-2284
-1892
-1315
-574
249
1044
1873
2840
3808
4968
6084
6912
7559
8124
8610
8550
8287
8064
7416
6286
4783
3385
1789
-88
-1762
-3448
-5104
-6802
-8142
-9091
-10020
-10479
-10560
-10373
-10137
-9693
-8657
-7608
-6502
-5231
-3827
-2500
-1484
-311
829
1754
2585
3310
3937
4231
4495
4826
4966
4967
4876
4799
4526
4042
3595
3120
2569
1830
1017
173
-774
-1642
-2384
-2970
-3451
-3764
-3884
-3935
-3788
-3385
-2806
-2151
-1440
-672
23
733
1444
2060
2565
2961
3195
3191
3073
2888
2548
2128
1655
1125
469
-244
-900
-1553
-2109
-2577
-2924
-3175
-3361
-3394
-3264
-2998
-2657
-2257
-1756
-1331
-891
-368
286
860
1355
2032
2672
3233
3822
5031
6521
7532
8380
9374
10477
10860
10812
10967
10636
9485
7700
5856
3721
927
-1600
-4085
-6788
-9587
-11850
-13340
-14832
-15763
-15734
-15133
-14369
-13464
-11642
-9496
-7481
-5328
-3079
-946
594
2053
3531
4509
5174
5674
6044
5919
5542
5447
5359
5098
4755
4549
4356
3915
3504
3201
2774
2187
1394
587
-455
-1321
-1968
-2666
-3408
-4021
-4243
-4464
-4549
-4198
-3579
-2799
-2084
-1242
-321
618
1683
2496
3240
3763
4155
4328
4268
4159
3847
3425
2774
1871
962
40
-782
-1704
-2556
-3286
-3896
-4292
-4600
-4679
-4501
-4048
-3640
-3245
-2667
-1919
-1264
-690
-97
471
860
1272
1557
1854
2215
2673
3243
3883
5245
6645
7876
9044
10431
11776
12346
12688
12892
12341
11028
9068
6996
4212
962
-2097
-5325
-8659
-11975
-14455
-16296
-17955
-18771
-18673
-17871
-16808
-15243
-12778
-10189
-7585
-4910
-2246
121
1958
3722
5127
5917
6394
6652
6680
6301
5872
5666
5368
5077
4833
4675
4525
4317
4168
3884
3462
2921
2081
1092
-118
-1417
-2747
-3897
-4761
-5691
-6272
-6377
-6064
-5514
-4636
-3280
-1815
-295
1258
2676
4061
5099
5888
6387
6572
6394
5870
5338
4537
3443
2353
1305
139
-1163
-2180
-2993
-3864
-4647
-5105
-5399
-5570
-5478
-5219
-4811
-4226
-3542
-2855
-2172
-1444
-744
-175
356
584
921
1205
1416
1597
1756
2279
2657
3231
4204
5987
7614
8905
10257
11892
13080
13611
13904
13962
13005
11166
8861
6306
3082
-511
-3791
-7249
-10902
-14251
-16595
-18304
-19691
-20138
-19552
-18403
-17009
-14989
-12160
-9258
-6390
-3527
-852
1296
3019
4639
5815
6413
6708
6786
6576
6057
5645
5421
5213
5036
4868
4720
4657
4577
4500
4252
3829
3131
2117
870
-474
-2017
-3490
-4988
-5800
-6678
-7466
-7563
-7042
-5997
-4973
-3265
-1281
490
2413
4100
5768
7017
7815
8402
8249
7882
7023
6141
5050
3514
2120
634
-656
-2041
-3305
-4059
-4880
-5507
-6010
-6250
-6196
-6031
-5451
-5010
-4497
-3712
-3049
-2283
-1670
-960
-375
-23
359
488
773
1085
1370
1732
2017
2520
3132
3834
5410
7484
9070
10377
11695
13371
14170
14363
14629
14193
12664
10201
7523
4716
923
-2586
-5881
-9473
-13219
-16325
-18042
-19552
-20559
-20318
-19336
-17940
-16416
-13874
-10701
-7813
-4817
-2023
441
2320
3893
5523
6375
6797
7028
6885
6490
5890
5637
5470
5161
5060
4840
4576
4499
4462
4324
3785
3225
2375
1018
-373
-1743
-3217
-4700
-5703
-6783
-7716
-8094
-7602
-6767
-5734
-3973
-1964
20
1979
3969
6086
7663
8758
9422
9600
9292
8376
7498
6301
4696
2918
1223
-342
-2109
-3490
-4409
-5357
-6197
-6844
-6994
-7058
-6890
-6231
-5725
-5062
-4377
-3594
-2866
-2060
-1144
-533
-73
311
624
752
1108
1423
1787
2009
2469
2944
3599
4462
6247
8392
9816
11075
12379
14027
14724
14839
14923
14222
12331
9680
6845
3836
-107
-3643
-7015
-10811
-14655
-17474
-18996
-20358
-21160
-20639
-19492
-18044
-16187
-13369
-10153
-7173
-4099
-1319
873
2681
4391
5894
6562
6851
7020
6722
6196
5759
5539
5313
4993
4897
4647
4274
4300
4399
4215
3572
2941
2104
708
-690
-1976
-3428
-4991
-5855
-6849
-7734
-8159
-7415
-6310
-5194
-3255
-1106
1073
3091
5158
7331
8831
9836
10350
10337
9825
8601
7602
6139
4246
2215
326
-1340
-3169
-4581
-5523
-6441
-7184
-7803
-7849
-7791
-7437
-6608
-5870
-5209
-4401
-3454
-2427
-1614
-680
3
470
881
1110
1168
1285
1667
2003
2069
2241
2729
3596
4505
6385
8647
10178
11587
12878
14695
15425
15428
15532
14788
12663
9661
6665
3727
-475
-4339
-7903
-11743
-15691
-18649
-20033
-21255
-22002
-21331
-19985
-18331
-16326
-13181
-9626
-6638
-3558
-684
1533
3224
4879
6405
6865
6869
7005
6622
5911
5440
5410
5207
4710
4683
4701
4358
4390
4657
4640
3877
3103
2407
1175
-420
-1644
-2908
-4507
-6062
-7058
-7665
-8048
-7601
-6480
-5416
-4116
-2173
227
2340
4338
6573
8283
9214
9685
10050
9963
9138
8150
6812
4970
2952
1164
-402
-2215
-3837
-5045
-6219
-7257
-7874
-7915
-7730
-7448
-6821
-6157
-5486
-4542
-3469
-2380
-1523
-762
-64
293
655
1045
1410
1375
1419
1645
1848
2114
2579
3668
4778
6971
9040
10673
12156
13927
15816
16458
16413
16310
15125
12840
9759
6642
3087
-1483
-5398
-9355
-13630
-17609
-20138
-21496
-22934
-23509
-22491
-20884
-18903
-16357
-12796
-9233
-6042
-2673
309
2480
4342
6170
7469
7581
7528
7606
7135
6360
5977
5768
5291
4795
4967
4928
4529
4702
5048
4744
3729
3016
2288
747
-758
-1835
-3385
-5204
-6712
-7414
-8181
-8638
-8023
-7066
-6097
-4836
-2718
-259
1764
3972
6297
8041
9078
9842
10632
10549
9852
9005
7727
5919
3884
2144
435
-1559
-3293
-4749
-6106
-7250
-7884
-7948
-7969
-7717
-7096
-6411
-5663
-4711
-3501
-2453
-1715
-865
-214
171
620
1002
1457
1333
1329
1459
1715
2131
2684
3521
4885
7341
9171
10863
12407
14583
16207
16565
16689
16444
14845
12440
9405
6261
2059
-2479
-6264
-10524
-14999
-18783
-20893
-22434
-23908
-23927
-22647
-21028
-18794
-15677
-11962
-8711
-5236
-1512
1304
3247
5273
7255
8146
7961
8114
8050
7232
6438
6264
5905
5147
4897
5311
4993
4549
4870
5152
4489
3389
2819
1817
133
-1269
-2488
-4276
-6139
-7308
-7887
-8753
-8938
-8004
-6860
-5823
-4274
-1789
641
2664
4952
7200
8681
9623
10470
10964
10489
9628
8657
7154
5100
3098
1398
-496
-2556
-4220
-5630
-6935
-7925
-8284
-8296
-8314
-7828
-7055
-6267
-5474
-4244
-2931
-2030
-1240
-402
290
614
1010
1398
1519
1240
1385
1882
2011
2443
3358
5366
7933
9326
11387
13285
15464
17000
17496
18028
17500
15532
13248
9998
6471
1864
-2562
-6570
-11553
-16237
-19837
-22040
-23796
-25251
-24968
-23682
-22050
-19347
-15936
-12026
-8498
-4656
-859
1810
3938
6255
8060
8782
8578
8725
8375
7346
6751
6458
5810
5008
4789
5063
4528
4254
4802
4905
4185
3185
2623
1588
-187
-1475
-2987
-5141
-6869
-7864
-8544
-9397
-9383
-8098
-7050
-5867
-3807
-1047
1565
3725
6237
8425
9677
10676
11521
11775
10948
9795
8661
6765
4515
2463
640
-1326
-3435
-5073
-6492
-7631
-8280
-8550
-8469
-8389
-7820
-6929
-6210
-5255
-4006
-2744
-1864
-1186
-283
282
703
1214
1542
1468
1503
1640
2126
2278
3041
4083
6120
8611
10254
12082
13870
16107
17446
17694
17747
17132
15047
12311
8904
5457
760
-3873
-7898
-12537
-17247
-20711
-22538
-24024
-25412
-24965
-23297
-21456
-18841
-15161
-11137
-7708
-4075
-178
2497
4316
6480
8442
8984
8513
8632
8514
7419
6581
6496
5994
5006
4717
5207
4751
4186
4631
4911
3971
2707
2248
1354
-647
-2290
-3572
-5430
-7524
-8597
-8816
-9520
-9642
-8376
-6802
-5483
-3566
-493
2381
4477
6839
9196
10635
11344
11998
12269
11346
9932
8609
6779
4335
2052
233
-1851
-4152
-5852
-7083
-8232
-9048
-9153
-8887
-8796
-8279
-7126
-6026
-5035
-3794
-2325
-1360
-729
94
834
1252
1451
1667
1794
1491
1524
2055
2407
3049
3860
6497
8902
10383
12285
14505
16877
17740
17991
18419
17348
14806
12008
8771
4893
-447
-4806
-8806
-13870
-18707
-21731
-23308
-25047
-26177
-25028
-23258
-21397
-18299
-14111
-10208
-6977
-2923
1105
3359
5069
7431
9181
9140
8620
8922
8422
6970
6364
6405
5554
4385
4537
5188
4468
4070
4779
4952
3740
2701
2364
1171
-943
-2313
-3705
-5885
-7788
-8569
-8878
-9856
-9719
-8217
-6801
-5543
-3338
-162
2512
4530
7163
9446
10672
11448
12244
12366
11137
9734
8404
6388
3860
1603
-293
-2463
-4752
-6350
-7545
-8641
-9333
-9252
-8961
-8797
-7984
-6692
-5546
-4530
-3156
-1632
-821
-261
608
1312
1515
1471
1651
1687
1401
1650
1994
2753
3451
5819
8519
10213
12102
14310
16951
18263
18683
19201
18445
16019
13324
9980
6145
912
-3776
-8054
-13274
-18270
-21741
-23793
-25607
-26904
-26206
-24612
-22768
-19635
-15503
-11425
-7870
-3750
405
3099
5132
7542
9379
9672
9229
9289
8804
7486
6761
6601
5794
4668
4505
5037
4633
4248
4778
5022
4186
3211
2628
1488
-542
-2013
-3394
-5655
-7771
-8989
-9425
-10277
-10492
-9298
-7899
-6515
-4358
-1371
1618
3988
6729
9313
10833
11888
12759
13172
12387
11027
9631
7631
5179
2831
612
-1706
-4107
-5937
-7421
-8777
-9605
-9652
-9409
-9188
-8602
-7457
-6130
-4999
-3692
-2351
-1149
-500
289
967
1353
1536
1573
1738
1600
1770
1902
2800
3650
5886
8457
10295
12233
14165
16854
18385
18805
19143
18707
16372
13475
10044
6599
1488
-3614
-7965
-12954
-18111
-22024
-24068
-25635
-27138
-26883
-25155
-23190
-20253
-16160
-11704
-8003
-4124
130
3219
5267
7613
9765
10321
9687
9631
9412
8140
7028
6851
6248
4932
4318
4877
4728
4132
4398
4819
4052
2814
2321
1567
-339
-2166
-3379
-5240
-7531
-8978
-9267
-9944
-10463
-9584
-8033
-6690
-4913
-1905
1272
3594
5983
8715
10631
11718
12547
13189
12712
11320
9925
8167
5777
3330
1173
-1076
-3649
-5739
-7121
-8446
-9534
-9809
-9586
-9413
-9009
-7931
-6458
-5343
-4132
-2727
-1442
-624
91
915
1539
1634
1620
1673
1658
1804
1880
2526
3353
5265
7944
9816
11744
13825
16489
18322
18907
19356
19167
17210
14488
11239
7684
2862
-2426
-6835
-11774
-17040
-21323
-23812
-25569
-27208
-27417
-25952
-24063
-21247
-17327
-12977
-9108
-5107
-692
2680
4891
7233
9485
10326
9913
9739
9603
8458
7268
6918
6353
5078
4327
4720
4740
4133
4251
4710
4244
3140
2526
1898
238
-1624
-3042
-4933
-7175
-8749
-9237
-9912
-10600
-10003
-8482
-7027
-5260
-2481
754
3289
5694
8351
10402
11682
12569
13210
12858
11536
10093
8446
6181
3730
1472
-751
-3216
-5398
-6850
-8187
-9282
-9700
-9525
-9359
-8991
-7983
-6576
-5518
-4420
-3037
-1779
-867
-358
664
1101
1448
1353
1474
1541
1598
1881
2589
3258
4800
7709
9706
11829
13460
16273
18364
19005
19432
19496
17819
15117
11906
8618
4002
-1600
-5915
-10642
-15928
-20708
-23442
-25113
-27011
-27618
-26264
-24583
-22228
-18467
-13969
-10189
-6561
-2003
1831
4021
6211
8791
10158
9734
9562
9797
8859
7403
7118
7001
5676
4522
4972
5399
4578
4347
4991
4831
3441
2606
2315
792
-1170
-2453
-4063
-6404
-8402
-8898
-9369
-10491
-10358
-9104
-7782
-6429
-4086
-763
1833
4162
7004
9408
10951
12088
13225
13490
12392
11140
9781
7755
5326
3004
830
-1761
-4241
-5985
-7454
-8799
-9588
-9681
-9538
-9552
-8805
-7516
-6316
-5303
-3996
-2476
-1560
-932
30
914
1270
1282
1419
1658
1452
1762
2214
2894
3555
5250
8220
10197
11990
13920
16554
18317
18791
19092
19047
17033
14254
11186
7616
2764
-2584
-6750
-11426
-16815
-21219
-23642
-25376
-27091
-27418
-25807
-24069
-21707
-17707
-13195
-9540
-5922
-1347
2511
4537
6578
9188
10402
9918
9713
9894
8929
7381
7112
7009
5599
4447
4900
5318
4485
4105
4774
4633
3322
2573
2106
501
-1667
-2926
-4441
-6839
-8673
-9174
-9508
-10452
-10202
-8647
-7152
-5572
-2971
185
2716
4962
7802
10030
11198
12117
12940
12849
11568
10259
8813
6692
4280
2088
-97
-2611
-4823
-6286
-7646
-8916
-9580
-9523
-9452
-9227
-8456
-7114
-5963
-4880
-3553
-2191
-1253
-424
564
1221
1490
1485
1683
1676
1852
1970
2387
3009
3884
6269
8780
10690
12635
14643
17146
18537
19011
19368
18548
16375
13544
10062
6241
1151
-3749
-8214
-13312
-18304
-22220
-24555
-26209
-27425
-27146
-25688
-23762
-20602
-16486
-12207
-8440
-4378
-132
3079
5334
7636
9598
10300
10112
9961
9493
8312
7419
7143
6389
5084
4576
4928
4781
4340
4512
4764
4222
3232
2721
1738
47
-1428
-2850
-4783
-7069
-8565
-9160
-9956
-10454
-10023
-9039
-7638
-5738
-2960
-137
2388
5239
7959
9944
11398
12697
13582
13329
12355
11144
9356
7166
4949
2704
140
-2503
-4682
-6375
-7944
-9147
-9713
-9924
-9882
-9543
-8604
-7407
-6231
-4895
-3459
-2309
-1443
-328
542
1125
1353
1594
1588
1409
1492
1862
2129
2529
3430
5066
7772
9723
11904
13766
15978
17809
18607
18898
18511
16768
14230
11001
7274
2835
-2357
-6767
-11400
-16301
-20704
-23551
-25194
-26524
-26905
-25612
-23808
-21333
-17602
-13238
-9300
-5669
-1536
2239
4689
6707
8779
9984
10004
9755
9522
8567
7328
6883
6638
5544
4563
4666
4993
4547
4413
4804
4666
3649
2937
2384
801
-1188
-2544
-3877
-6028
-8039
-8999
-9455
-10132
-9972
-8910
-7579
-6061
-3718
-764
1795
4160
6948
9371
10830
11858
12731
12957
12108
10956
9537
7414
5021
2875
722
-1806
-4200
-5891
-7279
-8638
-9462
-9703
-9634
-9413
-8653
-7501
-6470
-5351
-3913
-2549
-1545
-830
123
867
1153
1427
1528
1612
1454
1730
2140
2596
3227
4759
7450
9661
11530
13344
15583
17615
18619
19039
18876
17258
14768
11848
8399
4019
-1215
-5679
-10199
-15273
-19872
-22907
-24793
-26362
-26979
-25968
-24451
-22369
-18680
-14207
-10332
-6896
-2738
1315
3934
6004
8339
9756
9763
9595
9676
8894
7453
6976
6999
5952
4639
4637
5135
4761
4436
4872
4847
3765
3012
2723
1367
-755
-2044
-3246
-5469
-7717
-8722
-9111
-10007
-10114
-9129
-8083
-6848
-4524
-1390
1148
3283
6129
8799
10322
11439
12621
13135
12362
11257
10118
8134
5701
3650
1641
-980
-3624
-5414
-6812
-8279
-9276
-9565
-9678
-9733
-9093
-7913
-6828
-5858
-4444
-3007
-2012
-1331
-297
843
1126
1296
1496
1641
1517
1707
2379
2849
3174
4454
7337
9616
11380
13186
15557
17619
18496
19125
19251
17729
15150
12467
9147
4645
-765
-5041
-9447
-14760
-19596
-22745
-24886
-26775
-27420
-26350
-25034
-23285
-19603
-14985
-11100
-7718
-3394
854
3526
5643
8183
9784
9816
9811
10141
9347
7717
7211
7428
6407
4992
4969
5459
4943
4614
5185
5215
3981
3161
3025
1705
-571
-1989
-2930
-5117
-7550
-8729
-9175
-10158
-10418
-9411
-8346
-7398
-5283
-2089
526
2606
5401
8280
9930
11103
12386
13107
12477
11480
10537
8675
6113
4011
2156
-359
-3141
-5099
-6483
-8068
-9197
-9532
-9577
-9717
-9186
-7984
-6876
-6058
-4704
-3141
-2074
-1385
-481
543
957
1108
1354
1500
1378
1539
2080
2769
3346
4889
7715
10032
11981
13876
16296
18380
19277
19845
19682
17933
15284
12310
8790
4155
-1304
-5900
-10603
-15823
-20478
-23633
-25691
-27413
-27932
-26817
-25307
-23152
-19296
-14661
-10659
-7079
-2803
1288
4054
6313
8691
10046
10040
9963
10137
9358
7897
7332
7355
6432
5181
5101
5552
5227
4908
5284
5233
4102
3161
2811
1571
-595
-2311
-3626
-5672
-7899
-9188
-9807
-10636
-10830
-9927
-8749
-7474
-5246
-2109
675
2999
5781
8577
10377
11685
12885
13440
12780
11677
10617
8778
6261
3990
1933
-522
-3245
-5240
-6658
-8120
-9202
-9601
-9600
-9632
-9123
-7910
-6678
-5793
-4693
-3192
-1929
-1250
-451
355
884
904
1098
1406
1344
1450
1913
2626
3395
4626
7436
10049
11951
13835
15989
18216
19193
19693
19783
18184
15322
12403
9045
4714
-845
-5592
-10027
-15289
-20119
-23356
-25404
-27120
-27903
-26875
-25243
-23452
-19924
-15223
-10977
-7499
-3502
701
3624
5762
8234
9870
9969
9747
9997
9521
8066
7349
7512
6834
5487
5221
5721
5513
5061
5480
5611
4457
3221
2928
1932
-292
-2254
-3569
-5352
-7700
-9087
-9673
-10510
-10913
-10014
-8721
-7515
-5634
-2521
417
2659
5238
8010
9957
11203
12400
13116
12557
11395
10418
8854
6388
4026
2033
-210
-2849
-4958
-6340
-7752
-8971
-9395
-9391
-9387
-9072
-8006
-6646
-5720
-4568
-3214
-1988
-1246
-454
450
881
991
1159
1473
1309
1497
1964
2908
3633
5506
8342
10612
12430
14433
17145
18961
19639
20082
19843
17654
14748
11731
8258
3113
-2407
-6860
-11737
-17223
-21678
-24302
-26384
-28252
-28393
-26860
-25343
-22998
-18744
-14002
-10262
-6596
-2029
1859
4281
6720
9252
10231
9905
10091
10374
9310
7833
7663
7581
6273
5204
5602
5922
5263
5180
5859
5553
4192
3673
3587
2015
-386
-1957
-3503
-5991
-8343
-9417
-10386
-11820
-12088
-11054
-10031
-8808
-6251
-2822
-113
2346
5676
8693
10614
12227
13827
14347
13457
12530
11640
9587
6876
4600
2345
-547
-3422
-5275
-6855
-8658
-9752
-10014
-10067
-10195
-9514
-8050
-6808
-5729
-4299
-2787
-1670
-937
205
1047
1200
1174
1340
1502
1407
1660
2303
3169
4534
7227
9666
11745
13742
16472
18892
19995
20612
20732
19287
16598
13656
10248
5497
-301
-5203
-10088
-15707
-20845
-24236
-26603
-28780
-29674
-28617
-27060
-24985
-21168
-16312
-12067
-8248
-3706
747
3864
6441
9070
10578
10705
10711
10939
10177
8733
8065
7853
6794
5602
5512
5864
5496
5296
5841
5849
4854
4045
3871
2709
426
-1517
-3164
-5346
-7774
-9342
-10352
-11702
-12323
-11619
-10503
-9245
-7148
-3976
-957
1619
4720
7838
10148
11861
13404
14250
13807
12866
12003
10327
7749
5255
2931
244
-2621
-4855
-6537
-8333
-9694
-10192
-10344
-10319
-9808
-8659
-7309
-6167
-4778
-3295
-2123
-1005
-73
781
1184
1289
1377
1607
1720
2004
2384
3131
4798
7431
9766
11916
14019
16628
18937
20289
21208
21162
19609
17173
14211
10645
5881
277
-4781
-10035
-15638
-20768
-24586
-27231
-29284
-30219
-29538
-28188
-25925
-21997
-17273
-12818
-8629
-4025
338
3654
6607
9357
10800
11078
11258
11445
10647
9215
8537
8247
7140
5954
5769
5945
5626
5453
5951
5918
4922
4187
3870
2786
786
-1134
-2965
-5379
-7770
-9444
-10800
-12231
-12885
-12474
-11664
-10474
-8200
-5013
-1897
1024
4388
7652
10178
12309
14179
15196
14915
14114
13168
11431
8933
6393
3874
1010
-1991
-4427
-6311
-8210
-9570
-10284
-10586
-10696
-10330
-9248
-7958
-6740
-5390
-3957
-2755
-1783
-695
278
779
933
967
1242
1355
1651
2116
2975
4054
6637
9338
11752
13773
16106
18935
20621
21399
21745
20839
18417
15389
11961
7871
1974
-3597
-8469
-13968
-19648
-24049
-26759
-28964
-30655
-30287
-28653
-27010
-23922
-19052
-14090
-10130
-5930
-1018
2879
5468
8276
10649
11220
10945
11294
11363
9975
8625
8574
8163
6711
5986
6436
6448
5786
5971
6439
5697
4473
3980
3380
1315
-965
-2659
-4811
-7434
-9548
-10692
-12010
-13299
-13091
-12062
-11000
-9237
-6254
-2727
123
3200
6837
9727
11832
13667
15148
15360
14456
13522
12215
9864
7201
4663
2043
-983
-3748
-5691
-7514
-9219
-10202
-10504
-10616
-10457
-9616
-8263
-7161
-5947
-4429
-3080
-2155
-1210
-54
576
710
694
1183
1171
1281
1801
2635
3672
5761
8831
11474
13432
15615
18733
20735
21694
22125
21772
19526
16341
13165
9371
3685
-2261
-7241
-12581
-18532
-23465
-26341
-28672
-30774
-30897
-29354
-27819
-25296
-20637
-15396
-11369
-7391
-2372
1901
4636
7432
10260
11305
10877
11139
11617
10531
8864
8642
8601
7260
6121
6500
6877
6174
5981
6681
6330
4674
3966
3603
1978
-637
-2529
-4334
-7127
-9602
-10673
-11825
-13277
-13551
-12378
-11129
-9880
-6987
-3271
-239
2578
6187
9495
11588
13321
15216
15819
14859
13783
12773
10704
7838
5321
2917
-191
-3225
-5272
-7001
-8872
-10103
-10473
-10636
-10774
-10160
-8861
-7669
-6510
-5181
-3674
-2659
-1736
-573
355
712
854
1083
1362
1468
1804
2568
3256
4451
7010
9949
12259
14212
16528
19286
20788
21441
21771
20708
18127
14858
11440
7232
1351
-4252
-9116
-14579
-20153
-24462
-27104
-29203
-30697
-30171
-28506
-26750
-23594
-18721
-13784
-9741
-5529
-751
3020
5603
8405
10714
11246
10962
11222
11274
9948
8587
8485
8140
6801
6046
6425
6495
5886
5950
6514
5870
4383
3682
3038
1183
-1183
-3099
-5126
-7802
-9982
-10987
-12139
-13237
-13104
-11919
-10561
-8873
-5844
-2182
818
3864
7335
10219
12184
13834
15371
15595
14488
13351
12023
9708
6929
4377
1857
-1175
-4000
-5889
-7573
-9203
-10202
-10420
-10512
-10423
-9702
-8359
-7212
-6046
-4696
-3323
-2390
-1482
-425
434
770
853
1112
1216
1423
1795
2500
3265
4444
6798
9854
12206
14276
16431
19011
20686
21223
21417
20523
17981
14693
11179
7149
1592
-4220
-9066
-14177
-19635
-24026
-26719
-28590
-30040
-29834
-28045
-26104
-23273
-18743
-13786
-9675
-5783
-1318
2578
5114
7552
9941
10770
10442
10429
10668
9753
8331
7987
7999
6991
6070
6310
6703
6239
6015
6465
6184
4775
3675
3098
1481
-942
-2975
-4821
-7262
-9608
-10818
-11558
-12649
-12715
-11514
-9999
-8380
-5767
-2156
1033
3733
6969
9957
11905
13309
14641
15162
14184
12792
11541
9499
6742
4182
1828
-892
-3740
-5714
-7180
-8755
-9865
-10134
-10150
-10056
-9537
-8246
-7033
-6065
-4805
-3409
-2411
-1511
-728
183
603
630
988
1049
1227
1708
2252
3074
4009
5829
8967
11363
13594
15695
17895
19931
20739
21197
20899
18593
15560
12229
8388
3523
-2369
-7313
-12179
-17724
-22408
-25597
-27767
-29353
-29821
-28398
-26578
-24428
-20430
-15523
-11115
-7227
-3060
1047
3941
6321
8953
10348
10288
10194
10459
10028
8737
8113
8212
7484
6479
6458
6850
6571
6217
6604
6598
5331
4230
3606
2336
40
-2072
-3813
-6311
-8774
-10243
-11170
-12329
-12921
-11994
-10610
-9296
-6880
-3561
-250
2510
5618
8859
10987
12599
14118
14917
14441
13214
12044
10263
7689
5277
2858
155
-2624
-4839
-6457
-8125
-9413
-9825
-10084
-10127
-9649
-8670
-7386
-6476
-5306
-3827
-2881
-2023
-1114
-375
311
369
669
1083
930
1206
1755
2421
3293
4283
6596
9755
11974
14228
16264
18535
20330
20896
21238
20493
17821
14722
11193
7184
2054
-3776
-8585
-13656
-19080
-23294
-26171
-28108
-29445
-29421
-27679
-25878
-23410
-19033
-14181
-10043
-6299
-2078
1848
4282
6560
9174
10271
9887
9769
10163
9640
8224
7823
8110
7280
6283
6564
7133
6742
6327
6872
6875
5328
3982
3382
2015
-421
-2604
-4436
-6983
-9538
-10767
-11406
-12550
-12977
-11831
-10227
-8696
-6175
-2567
750
3368
6566
9730
11659
13044
14449
15203
14332
12758
11593
9761
7069
4561
2239
-391
-3336
-5436
-6730
-8224
-9426
-9768
-9781
-9777
-9458
-8261
-6950
-6048
-5037
-3791
-2769
-2029
-1245
-321
177
407
587
891
988
1224
1930
2686
3289
4267
6102
9084
11633
13727
15685
17498
19216
20025
20289
19793
17619
14514
11110
7268
2716
-2778
-7665
-12241
-17260
-21770
-24860
-26721
-27951
-28368
-27121
-25163
-23112
-19694
-15095
-10680
-7048
-3440
414
3280
5319
7664
9411
9621
9270
9418
9468
8496
7727
7958
7808
6896
6623
7136
7191
6621
6707
7042
5933
4164
3104
2273
272
-2145
-3985
-6038
-8547
-10248
-10712
-11242
-11993
-11398
-9719
-8161
-6259
-3240
284
2945
5450
8460
10691
11923
13050
14069
13818
12247
10799
9439
7155
4595
2459
274
-2410
-4796
-6138
-7280
-8567
-9149
-9163
-9169
-9141
-8388
-7093
-6175
-5419
-4263
-3261
-2557
-1963
-1060
-186
123
305
644
901
1262
1919
2805
3615
4389
5850
8486
11232
13368
15174
16791
18564
19528
19799
19533
17893
15056
11726
7995
3883
-1313
-6372
-10795
-15545
-20122
-23703
-25895
-27163
-27836
-27089
-25265
-23398
-20569
-16375
-11884
-8086
-4716
-997
2217
4350
6520
8607
9396
9208
9178
9502
9022
8047
7975
8176
7557
6928
7117
7442
7009
6624
6839
6278
4535
2992
1962
317
-2068
-4120
-5944
-8187
-10003
-10545
-10666
-11161
-10816
-9168
-7283
-5446
-2808
484
3198
5357
7922
10123
11210
11875
12607
12603
11223
9609
8289
6439
4087
2007
119
-2135
-4370
-5746
-6691
-7793
-8540
-8665
-8658
-8597
-8069
-6999
-6073
-5369
-4425
-3367
-2650
-1963
-1203
-369
130
289
700
1048
1430
2077
2909
3858
4850
6334
9163
11834
13889
15676
17406
19213
19916
20017
19716
17821
14673
11331
7720
3435
-2099
-7109
-11416
-16318
-20953
-24172
-26120
-27505
-28212
-27174
-25209
-23436
-20428
-16028
-11663
-8015
-4517
-696
2334
4431
6792
8702
9149
9003
9259
9459
8750
7992
8196
8156
7359
7076
7532
7574
6968
6802
7077
6165
4319
3095
2100
219
-2158
-4041
-5927
-8341
-10206
-10684
-11053
-11665
-11209
-9603
-7875
-6077
-3298
119
2808
5177
8034
10293
11529
12442
13391
13384
12009
10556
9242
7168
4739
2711
734
-1683
-4002
-5352
-6401
-7661
-8381
-8478
-8550
-8622
-8134
-7160
-6411
-5856
-4829
-3885
-3392
-2902
-2008
-1125
-786
-391
207
775
1039
1767
3008
3945
4752
6114
8412
11175
13228
15114
16781
18078
19158
19502
19239
17911
15243
12138
8490
4418
-98
-5104
-9758
-14159
-18447
-22093
-24793
-26299
-26788
-26616
-25401
-23510
-21025
-17501
-13456
-9510
-5912
-2582
609
3139
5264
7390
8648
8903
8957
9252
9268
8659
8351
8577
8343
7695
7561
7791
7561
6906
6650
6155
4799
3153
1697
153
-2051
-4064
-5628
-7541
-9084
-9962
-10266
-10320
-10131
-8665
-6938
-5271
-2890
-272
2354
4569
6705
8890
10035
10757
11357
11367
10688
9444
8148
6585
4575
2732
932
-1007
-2868
-4326
-5434
-6529
-7369
-7766
-7920
-7962
-7746
-7178
-6536
-6027
-5298
-4467
-3600
-2869
-2287
-1490
-822
-228
305
859
1406
2100
2838
3887
4830
6068
8129
10791
12991
14674
16077
17754
18996
19277
19246
18141
15681
12450
9073
5619
1018
-4217
-8637
-13070
-17657
-21606
-24145
-25629
-26951
-27154
-25737
-24032
-21951
-18559
-14251
-10326
-7135
-3596
35
2551
4696
7161
8742
8935
8836
9404
9633
8860
8533
8838
8464
7608
7501
7972
7667
6834
6680
6416
5033
3204
2038
649
-1496
-3533
-5130
-6984
-8994
-10054
-10115
-10452
-10494
-9397
-7723
-6016
-4005
-1050
1769
3843
6090
8471
10036
10814
11492
12065
11491
10119
8896
7499
5517
3470
1710
-121
-2310
-4065
-5143
-6209
-7215
-7712
-7874
-8056
-8126
-7556
-6758
-6310
-5696
-4817
-3967
-3383
-2768
-1835
-1062
-558
-8
557
1046
1618
2458
3403
4187
5075
6558
8658
11272
13338
15016
16261
17642
18743
19047
18615
17312
14729
11520
8042
4307
-204
-5229
-9606
-13905
-18341
-22013
-24335
-25694
-26636
-26569
-25088
-23304
-21149
-17615
-13343
-9522
-6347
-2923
490
2924
5016
7340
8743
8876
8874
9344
9461
8784
8571
8824
8373
7623
7610
7889
7487
6773
6646
6144
4557
2959
1920
446
-1689
-3577
-5163
-7132
-9031
-9739
-9849
-10268
-10176
-8964
-7390
-5808
-3620
-669
1863
3872
6212
8468
9846
10688
11501
11806
11022
9791
8655
7118
5133
3332
1576
-458
-2503
-4023
-5088
-6229
-7097
-7518
-7836
-8065
-7904
-7382
-6704
-6224
-5554
-4857
-4241
-3499
-2740
-1908
-1316
-771
-268
306
969
1761
2575
3420
4263
5366
6768
8993
11647
13632
15131
16324
17857
18876
18927
18601
17325
14626
11245
7798
4331
-242
-5337
-9579
-13857
-18410
-22112
-24218
-25413
-26539
-26582
-25005
-23291
-21213
-17606
-13239
-9582
-6617
-3106
427
2695
4788
7324
8747
8718
8719
9451
9558
8734
8686
9140
8527
7579
7688
8170
7640
6801
6755
6250
4459
2852
2050
544
-1896
-3959
-5334
-7119
-9076
-9745
-9739
-10186
-10137
-8807
-6970
-5412
-3397
-400
2170
4011
6167
8414
9825
10481
11163
11527
10668
9348
8350
6996
4982
3026
1391
-485
-2620
-4134
-5023
-6146
-7238
-7669
-7830
-8016
-8006
-7380
-6636
-6236
-5705
-4705
-3964
-3221
-2607
-1605
-835
-371
91
722
1341
1941
2597
3395
4210
5011
6268
8421
11115
12986
14428
15656
17340
18463
18654
18514
17452
14919
11692
8366
4995
473
-4582
-8870
-13216
-17797
-21553
-23877
-25303
-26569
-26698
-25327
-23820
-21816
-18180
-13914
-10292
-7196
-3510
101
2387
4642
7403
8875
8827
8840
9675
9794
8856
8708
9176
8533
7485
7562
8125
7638
6755
6776
6450
4748
3137
2422
1077
-1352
-3386
-4832
-6775
-8727
-9488
-9440
-10147
-10308
-9004
-7409
-5964
-3917
-956
1604
3265
5616
8041
9355
10177
11047
11558
10707
9385
8595
7271
5221
3411
1792
-171
-2400
-3892
-4768
-5977
-7135
-7556
-7804
-8081
-8048
-7389
-6634
-6243
-5630
-4715
-3873
-3254
-2358
-1471
-806
-443
8
579
1102
1647
2352
3039
3598
4471
5634
7477
10021
12334
13994
15170
16545
18178
18751
18568
17878
15824
12740
9244
5947
2109
-3017
-7712
-11847
-16398
-20617
-23436
-24837
-26002
-26800
-25799
-24011
-22276
-19247
-14914
-10877
-7831
-4599
-780
2011
3924
6489
8590
8873
8561
9069
9662
8998
8396
8858
8717
7576
7223
7882
7970
7078
6770
6784
5638
3816
2693
1700
-421
-2663
-4352
-6208
-8247
-9610
-9704
-10011
-10504
-9690
-8168
-6549
-4597
-1942
996
2971
4976
7452
9178
10157
10865
11453
11169
9879
8708
7611
5829
3872
2113
328
-1692
-3532
-4562
-5443
-6519
-7185
-7445
-7649
-7764
-7412
-6560
-6007
-5575
-4851
-4043
-3388
-2787
-1811
-1026
-644
-275
358
956
1286
1909
2709
3389
3934
4656
5950
7466
9693
12001
13525
14605
15672
17037
17694
17312
16603
14758
11724
8447
5211
1668
-3046
-7694
-11601
-15715
-19745
-22486
-23924
-24897
-25565
-24928
-23183
-21366
-18705
-14787
-10906
-7713
-4672
-1308
1584
3627
5899
7916
8538
8438
8705
9176
8963
8511
8665
8619
7777
7321
7693
7828
7189
6652
6393
5424
3628
2494
1671
-187
-2436
-4259
-5766
-7618
-8983
-8980
-8997
-9546
-9023
-7463
-5708
-4059
-1645
1200
3091
4647
6871
8718
9554
10093
10625
10375
9030
7824
6937
5272
3299
1752
106
-1959
-3714
-4524
-5196
-6339
-6974
-7100
-7328
-7506
-6978
-6185
-5686
-5386
-4663
-3903
-3361
-2659
-1731
-970
-598
-174
396
968
1487
2070
2752
3272
3657
4376
5408
6894
8860
10988
12651
13760
14732
16173
17073
17140
16409
14930
12362
9160
5961
2787
-1455
-6221
-10371
-14276
-18224
-21454
-23130
-24009
-24977
-24941
-23419
-21492
-19192
-15762
-11730
-8384
-5647
-2387
846
3175
5220
7293
8390
8340
8359
8923
9033
8540
8408
8419
7797
7151
7318
7662
7267
6575
6239
5543
4055
2950
2021
471
-1652
-3573
-5035
-6995
-8617
-8817
-8915
-9293
-9212
-7996
-6139
-4628
-2255
608
2672
4331
6299
8363
9532
9983
10571
10438
9233
7966
6916
5461
3559
1914
367
-1628
-3477
-4316
-4984
-5993
-6682
-6864
-7007
-7330
-6978
-6058
-5562
-5308
-4745
-4002
-3390
-2866
-1980
-1108
-710
-412
103
660
1257
1804
2444
3091
3544
4174
5030
6203
7767
9872
11762
13065
13865
14951
16236
16714
16274
15310
13323
10443
7255
4204
793
-3787
-8192
-11982
-15870
-19433
-21834
-23024
-23965
-24623
-23799
-22042
-20248
-17491
-13642
-9962
-7123
-4297
-884
1921
3845
5989
7806
8306
8111
8371
8969
8786
8269
8308
8098
7349
6981
7301
7425
6789
6145
5772
4710
3294
2381
1255
-456
-2600
-4133
-5605
-7349
-8253
-8325
-8578
-8863
-8320
-6664
-5097
-3386
-879
1539
3290
4862
6963
8623
9360
9842
10175
9642
8414
7367
6326
4694
2908
1362
-323
-2224
-3622
-4347
-5185
-6132
-6638
-6852
-7037
-7020
-6458
-5784
-5458
-5038
-4373
-3721
-3074
-2408
-1607
-1063
-741
-222
349
857
1270
1803
2432
2950
3426
4179
5113
6219
7734
9940
11762
12887
13755
15059
16265
16340
15803
14861
12746
9744
6659
3714
-21
-4711
-8813
-12432
-16345
-19774
-21887
-23051
-24081
-24413
-23221
-21462
-19625
-16610
-12773
-9366
-6556
-3473
-108
2326
4189
6387
7941
8183
8116
8601
9013
8541
8139
8307
8021
7245
7075
7476
7373
6595
6125
5804
4612
3105
2183
1032
-953
-3179
-4676
-6116
-7791
-8562
-8491
-8687
-8932
-8027
-6074
-4374
-2578
-47
2341
3966
5575
7713
9122
9494
9785
9912
9115
7697
6649
5596
3763
1886
458
-1109
-2913
-4140
-4631
-5359
-6304
-6713
-6726
-6834
-6786
-6144
-5443
-5234
-4947
-4284
-3509
-2886
-2265
-1460
-944
-566
-104
546
1128
1648
2204
2831
3231
3855
4505
5545
6696
8344
10503
11988
13041
14026
15325
16343
16172
15537
14431
11962
9003
5964
2958
-988
-5734
-9647
-13268
-17151
-20287
-22130
-23207
-24147
-24299
-22858
-21014
-18954
-15700
-11951
-8709
-5898
-2768
480
2756
4633
6757
7936
7993
8044
8546
8771
8208
7909
8049
7563
6898
6971
7338
7033
6247
5874
5463
4183
2898
2062
809
-1267
-3107
-4421
-5897
-7536
-8259
-8230
-8595
-8719
-7638
-6035
-4540
-2766
-262
2088
3602
5510
7607
8905
9507
9988
10219
9475
8252
7394
6152
4237
2529
1056
-643
-2504
-3719
-4364
-5356
-6302
-6570
-6680
-6857
-6786
-6215
-5634
-5422
-4986
-4216
-3649
-3131
-2564
-1801
-1289
-897
-367
259
787
1169
1730
2256
2863
3329
4039
4831
5760
6946
8705
10615
12029
12997
13936
15009
15452
15235
14448
12965
10405
7460
4476
1264
-2768
-7020
-10685
-14226
-17685
-20376
-21871
-22728
-23320
-22941
-21338
-19424
-17144
-13970
-10286
-7105
-4436
-1450
1511
3598
5286
7044
8118
8127
8003
8419
8562
7996
7672
7762
7377
6699
6614
6953
6602
5823
5399
4924
3551
2107
1308
77
-1957
-3948
-5235
-6545
-8114
-8383
-7941
-8090
-8061
-6867
-4666
-2969
-1182
1587
3765
5033
6574
8467
9632
9564
9665
9701
8456
6831
5801
4639
2714
828
-433
-1943
-3802
-4744
-4942
-5645
-6502
-6639
-6490
-6608
-6531
-5675
-4946
-4861
-4516
-3799
-3250
-2872
-2167
-1354
-976
-835
-293
463
887
1440
2089
2735
3122
3546
4449
5396
6272
7677
9596
11242
12186
12965
14284
15228
15206
14737
13857
11888
9020
6221
3573
8
-4413
-8186
-11597
-15246
-18501
-20472
-21568
-22703
-23114
-21975
-20338
-18585
-15876
-12342
-9118
-6556
-3607
-346
2046
3813
5801
7366
7747
7665
8098
8560
8176
7718
7767
7521
6825
6533
6885
6856
6056
5451
5139
4197
2744
1610
534
-910
-2868
-4312
-5569
-7035
-7813
-7935
-7820
-7743
-7244
-5597
-3944
-2284
-61
2090
3955
5391
7114
8694
9265
9511
9674
9245
8113
6818
5745
4317
2450
839
-558
-2136
-3581
-4455
-5030
-5761
-6401
-6544
-6562
-6605
-6304
-5706
-5246
-5010
-4548
-3927
-3401
-2881
-2166
-1525
-1241
-761
-60
506
957
1482
2192
2693
2984
3643
4400
4888
5755
6836
8493
10063
11155
12297
13133
13922
14528
14221
13577
12198
9836
7275
4301
1304
-2332
-6472
-9917
-13230
-16602
-19123
-20731
-21556
-22134
-21995
-20462
-18727
-16694
-13611
-10259
-7284
-4650
-1739
1204
3120
4773
6670
7607
7633
7727
8195
8282
7619
7401
7533
6962
6344
6416
6630
6161
5370
5084
4595
3219
1937
1049
-49
-1853
-3558
-4866
-6249
-7544
-7932
-7529
-7427
-7283
-6190
-4346
-2496
-620
1746
4023
5382
6801
8395
9439
9579
9439
9322
8301
6620
5385
4224
2466
606
-786
-2078
-3788
-4951
-5154
-5567
-6336
-6605
-6409
-6412
-6454
-5854
-4982
-4855
-4710
-4085
-3449
-3059
-2505
-1678
-1161
-946
-363
464
943
1470
2112
2870
3198
3642
4343
5060
5727
6677
8148
9793
10840
11694
12647
13648
14274
14060
13624
12530
10394
7853
5298
2518
-1117
-5138
-8542
-11881
-15422
-18109
-19776
-20962
-21949
-21954
-20727
-19306
-17482
-14495
-11220
-8464
-5801
-2714
241
2225
4074
6128
7221
7374
7626
8188
8282
7724
7507
7536
6954
6275
6299
6469
6050
5315
5033
4569
3394
2161
1320
6
-1712
-3199
-4446
-6001
-7350
-7492
-7181
-7361
-7159
-5872
-4213
-2637
-637
1894
3738
5039
6744
8478
9227
9403
9616
9385
8187
6783
5699
4259
2392
854
-548
-2243
-3782
-4594
-5087
-5850
-6397
-6392
-6454
-6606
-6322
-5644
-5200
-4968
-4540
-3960
-3542
-3094
-2415
-1757
-1374
-980
-397
179
710
1305
1891
2406
2838
3292
3982
4496
5123
6045
6921
8334
9752
10970
11992
12507
13380
13900
13439
12816
11509
9482
6819
3782
1173
-2322
-6393
-9650
-12680
-15771
-18426
-19977
-20461
-21205
-21251
-19643
-17870
-16035
-13367
-10051
-6994
-4674
-1907
1093
2848
4316
6140
7288
7396
7292
7812
8006
7280
7074
7278
6767
6034
5989
6299
5831
4926
4692
4260
2940
1603
918
-82
-1932
-3606
-4675
-5807
-6931
-7254
-6793
-6784
-6713
-5489
-3656
-1822
-115
2038
4093
5361
6757
8313
9168
9290
9062
8806
7758
6190
5052
3827
2066
220
-1188
-2470
-3989
-4998
-5275
-5718
-6351
-6584
-6380
-6255
-6162
-5537
-4872
-4669
-4420
-3803
-3149
-2696
-2218
-1460
-1056
-823
-269
425
986
1449
2002
2657
2941
3381
4090
4761
5326
6062
7116
8588
9907
10993
11936
12621
13304
13507
13108
12389
10888
8625
6076
3262
358
-3278
-6956
-10094
-13302
-16293
-18510
-19863
-20648
-21136
-20548
-19016
-17445
-15319
-12360
-9284
-6594
-3988
-1076
1384
2977
4706
6436
7124
7153
7369
7774
7567
7005
7035
7002
6342
5898
6068
6101
5463
4889
4730
4007
2680
1621
716
-795
-2571
-3492
-4513
-6128
-7407
-7197
-6573
-6498
-5746
-4015
-2599
-1263
895
3558
5115
5949
7521
8669
8718
8562
8688
8112
6423
5044
4039
2265
375
-690
-1687
-3344
-4750
-5065
-5366
-6086
-6159
-5699
-5756
-6026
-5625
-4817
-4477
-4205
-3532
-3070
-3023
-2651
-1797
-1183
-831
-444
84
512
917
1622
2315
2660
3141
3514
4030
4568
5072
6106
7109
8426
9766
10636
11454
12189
12975
13448
12790
11791
10367
8219
5706
2940
174
-3306
-7242
-10424
-13204
-16106
-18414
-19617
-20187
-20725
-20462
-18757
-16833
-14902
-12065
-8860
-6292
-4009
-1168
1621
3206
4552
6254
7079
6943
7100
7751
7673
6921
6788
6925
6296
5742
6047
6222
5477
4714
4544
3961
2589
1515
748
-599
-2146
-3419
-4398
-5621
-6478
-6391
-6288
-6276
-5672
-4448
-2937
-1446
383
2365
3842
5231
6689
7827
8363
8468
8408
7948
6919
5700
4511
3123
1565
38
-1339
-2584
-3776
-4604
-5104
-5584
-5928
-6056
-5939
-5776
-5600
-5138
-4690
-4406
-4068
-3547
-3020
-2648
-2204
-1582
-1136
-806
-343
363
871
1341
1835
2328
2790
3257
3897
4353
4765
5370
6196
7043
8313
9681
10705
11160
11662
12460
12622
12024
11214
9897
7602
4785
2171
-369
-3885
-7522
-10469
-13288
-16124
-18269
-19226
-19745
-20233
-19646
-18042
-16425
-14433
-11551
-8376
-5866
-3588
-796
1637
3145
4722
6391
7131
6994
7146
7717
7561
6940
6908
6946
6299
5670
5809
5899
5177
4470
4262
3565
2220
1125
393
-945
-2548
-3489
-4305
-5597
-6550
-6162
-5608
-5562
-5012
-3457
-1934
-667
1189
3425
4741
5616
6919
8058
8206
7960
7949
7327
5893
4612
3601
2099
363
-826
-1871
-3343
-4566
-4916
-5199
-5814
-6016
-5726
-5612
-5722
-5389
-4614
-4273
-4050
-3586
-3063
-2706
-2378
-1733
-1118
-799
-422
121
670
1204
1590
2172
2580
2901
3289
3759
4147
4476
4807
5580
6236
7134
8469
9557
10310
10701
11430
11979
11569
10925
10024
8114
5587
2982
691
-2400
-6103
-9042
-11744
-14757
-17194
-18459
-19056
-19742
-19667
-18170
-16622
-15026
-12415
-9260
-6569
-4364
-1718
979
2658
4101
5872
6895
6948
6912
7317
7389
6807
6600
6680
6166
5528
5469
5646
5281
4652
4411
3977
2920
1865
1138
45
-1410
-2471
-3392
-4419
-5579
-5779
-5395
-5362
-4936
-3896
-2564
-1223
158
2190
3809
4778
5967
6983
7577
7518
7319
7057
6044
4742
3628
2352
869
-521
-1660
-2768
-3975
-4718
-5037
-5438
-5727
-5636
-5438
-5360
-5226
-4703
-4126
-3875
-3512
-2995
-2592
-2313
-1883
-1243
-843
-594
-194
438
864
1296
1800
2258
2564
2930
3465
3918
4128
4475
5166
5818
6766
8095
9302
10051
10523
11355
12108
11881
11350
10574
8917
6550
3933
1678
-1231
-4940
-8094
-10884
-13839
-16484
-18150
-18883
-19607
-19861
-18746
-17242
-15636
-13224
-10149
-7295
-5025
-2488
321
2256
3720
5461
6667
6864
6785
7185
7447
6874
6496
6575
6204
5527
5358
5618
5417
4750
4497
4258
3313
2226
1509
605
-989
-2584
-3752
-4587
-5569
-5838
-5623
-5571
-5165
-4152
-2538
-924
499
2395
3920
4955
6106
7018
7644
7519
7180
6765
5629
4333
3277
2117
733
-775
-1949
-2927
-3985
-4638
-4898
-5215
-5502
-5576
-5437
-5211
-4987
-4471
-4010
-3782
-3526
-3035
-2553
-2128
-1747
-1275
-898
-552
-109
501
990
1367
1847
2305
2740
3099
3536
4011
4450
4778
5331
6011
6936
8294
9349
10097
10558
11104
11752
11668
11038
10200
8447
6179
3594
1125
-1600
-5150
-8382
-11126
-13936
-16442
-18120
-18889
-19341
-19537
-18602
-17007
-15309
-12947
-9970
-7111
-4708
-2339
282
2305
3756
5360
6568
6884
6850
7076
7312
6932
6558
6558
6201
5561
5343
5522
5367
4788
4412
4120
3244
2212
1508
686
-723
-2197
-3285
-4198
-5211
-5847
-5783
-5725
-5540
-4785
-3438
-1915
-449
1281
3156
4501
5734
6937
7828
8133
7964
7676
6913
5617
4394
3215
1725
98
-1324
-2473
-3703
-4762
-5197
-5498
-5907
-6050
-5877
-5574
-5392
-4974
-4324
-4012
-3767
-3259
-2717
-2332
-2056
-1506
-1020
-740
-347
257
786
1147
1652
2262
2785
3155
3606
4112
4507
4841
5319
5772
6354
7101
8221
9151
9649
10003
10464
10771
10478
9814
8835
7099
4736
2367
121
-2637
-5942
-8785
-11269
-13893
-16221
-17506
-18026
-18550
-18500
-17299
-15720
-14143
-11834
-8844
-6199
-4093
-1643
907
2655
3939
5540
6679
6796
6695
7052
7168
6605
6281
6361
5963
5235
5056
5270
4952
4293
4015
3657
2693
1625
956
-7
-1480
-2610
-3434
-4385
-5348
-5522
-5122
-5017
-4543
-3274
-1924
-668
817
2782
4281
5132
6233
7159
7392
7214
6988
6498
5266
3971
2936
1588
80
-1166
-2188
-3322
-4327
-4814
-5078
-5417
-5504
-5264
-5102
-4978
-4601
-4084
-3680
-3412
-2993
-2573
-2306
-1969
-1551
-1146
-800
-443
21
438
870
1369
1878
2375
2755
3155
3476
3812
4102
4476
4765
5165
5717
6749
7850
8627
9160
9683
10292
10560
10322
9777
8680
6800
4627
2344
-8
-2997
-6189
-8982
-11668
-14249
-16295
-17477
-18091
-18460
-18118
-16890
-15387
-13506
-10982
-8168
-5655
-3380
-917
1346
2970
4432
5860
6595
6632
6673
6903
6771
6309
6165
6062
5535
5056
5137
5257
4850
4377
4174
3678
2707
1843
1134
-3
-1522
-2522
-3408
-4521
-5395
-5508
-5223
-5236
-4773
-3392
-2064
-744
903
2752
4201
5092
6387
7406
7559
7424
7181
6548
5308
4022
2952
1418
-246
-1474
-2587
-3815
-4793
-5144
-5368
-5759
-5790
-5425
-5156
-4969
-4496
-3874
-3530
-3290
-2803
-2340
-2033
-1751
-1357
-989
-788
-356
121
555
955
1381
1869
2310
2719
3197
3562
3850
4180
4487
4889
5356
5896
6698
7718
8538
9090
9366
9873
10260
9942
9305
8276
6622
4450
2087
-19
-2680
-5911
-8673
-11107
-13490
-15627
-16899
-17351
-17836
-17774
-16572
-15006
-13376
-11163
-8328
-5775
-3796
-1498
1017
2698
3913
5367
6437
6540
6372
6765
6987
6430
6040
6115
5785
5100
4913
5206
4890
4110
3792
3548
2606
1518
860
14
-1548
-2795
-3245
-3926
-5006
-5491
-5027
-4624
-4360
-3294
-1789
-655
540
2297
4046
4899
5648
6729
7248
7009
6725
6480
5547
4123
3110
2073
474
-1018
-1857
-2699
-3939
-4697
-4787
-5030
-5430
-5313
-4798
-4637
-4570
-4011
-3463
-3291
-3037
-2483
-2081
-2055
-1815
-1263
-969
-800
-352
164
570
855
1407
1936
2201
2562
3098
3494
3680
3746
4037
4395
4759
5342
6068
6940
7635
8228
8777
9330
9634
9551
9051
8143
6631
4725
2665
512
-2090
-5044
-7817
-10331
-12713
-14707
-15985
-16769
-17340
-17304
-16335
-14909
-13302
-11147
-8535
-6153
-4054
-1709
687
2464
3804
5211
6228
6454
6526
6905
6977
6489
6125
6088
5693
5071
4950
5096
4704
4053
3775
3469
2602
1698
1119
209
-1267
-2535
-3145
-3874
-4720
-5001
-4797
-4637
-4409
-3378
-1891
-764
450
2037
3424
4347
5187
6276
6752
6503
6304
5963
5059
3898
3005
2078
579
-828
-1693
-2592
-3639
-4261
-4440
-4794
-5232
-5148
-4754
-4623
-4451
-3945
-3491
-3411
-3151
-2570
-2147
-1965
-1683
-1234
-973
-762
-206
348
658
985
1418
1884
2147
2510
3097
3372
3535
3745
4032
4272
4550
5171
6040
6827
7540
8227
8695
9190
9615
9689
9196
8192
6806
5055
2876
761
-1657
-4591
-7491
-10064
-12300
-14405
-15960
-16673
-17141
-17289
-16554
-15128
-13408
-11412
-8942
-6407
-4271
-2081
302
2258
3699
5034
6088
6464
6473
6753
6984
6629
6170
6015
5701
5154
4890
5020
4784
4130
3713
3425
2696
1784
1072
282
-1061
-2286
-3060
-3931
-4888
-5411
-5209
-4937
-4678
-3784
-2484
-1191
336
2043
3708
4795
5772
6828
7361
7411
7203
6669
5698
4429
3284
2045
501
-900
-2036
-3125
-4181
-4863
-5128
-5343
-5532
-5443
-5132
-4817
-4458
-3922
-3406
-3082
-2752
-2364
-1962
-1666
-1380
-1013
-784
-604
-256
204
694
1033
1386
1810
2058
2475
2910
3283
3500
3573
3806
3927
4023
4511
5017
5657
6390
7070
7706
7934
8462
9048
8888
8246
7293
5976
4211
2078
209
-2163
-5184
-7831
-10062
-12213
-14197
-15470
-15976
-16532
-16637
-15556
-14080
-12556
-10536
-7958
-5546
-3661
-1453
1033
2744
3982
5308
6281
6473
6419
6797
6943
6352
5891
5751
5337
4725
4550
4663
4282
3592
3280
3010
2251
1404
804
-20
-1344
-2593
-3371
-3979
-4782
-5230
-5132
-4732
-4225
-3300
-1887
-273
1146
2719
4325
5581
6447
7224
7758
7646
6970
6275
5334
3906
2478
1207
-260
-1924
-3162
-3864
-4737
-5554
-5695
-5567
-5666
-5662
-5052
-4369
-4079
-3607
-2902
-2509
-2336
-1910
-1305
-1097
-1054
-696
-441
-353
-113
386
729
853
1178
1646
1850
2132
2559
2992
3175
3197
3393
3533
3748
4157
4620
5268
6107
6796
7405
7807
8539
9049
8906
8464
7740
6428
4679
2732
904
-1568
-4549
-7081
-9351
-11653
-13678
-14982
-15708
-16424
-16530
-15543
-14292
-12906
-10865
-8358
-6144
-4242
-1874
559
2168
3473
4975
5943
6086
6225
6759
6765
6124
5831
5832
5292
4635
4649
4800
4267
3631
3556
3305
2411
1668
1291
379
-1079
-2203
-2758
-3632
-4653
-4954
-4783
-4767
-4616
-3642
-2121
-871
424
2139
3650
4727
5714
6907
7523
7319
6997
6639
5662
4354
3229
2118
438
-1197
-2224
-3187
-4386
-5090
-5134
-5368
-5782
-5594
-4926
-4588
-4355
-3639
-2953
-2837
-2613
-1991
-1496
-1455
-1265
-834
-760
-777
-415
121
380
528
916
1341
1481
1875
2376
2737
2840
3008
3287
3351
3225
3548
3988
4285
4619
5388
6302
6734
7047
7923
8554
8327
7834
7508
6660
4779
2891
1411
-893
-3951
-6397
-8316
-10660
-13083
-14276
-14828
-15837
-16198
-15107
-13822
-12882
-11113
-8378
-6180
-4603
-2167
516
2027
3065
4731
6017
6067
6039
6720
6798
5943
5573
5738
5263
4387
4315
4569
4039
3346
3400
3335
2472
1702
1431
736
-658
-1721
-2253
-3039
-4161
-4617
-4726
-4569
-4217
-3365
-2297
-1347
28
1693
3099
4369
5362
6199
6676
6670
6670
6120
5248
4134
2904
1744
341
-1048
-2111
-3052
-3950
-4823
-5215
-5192
-5234
-5196
-4828
-4330
-3990
-3577
-2935
-2410
-2132
-1778
-1344
-1143
-1075
-708
-407
-336
-260
43
324
465
774
1275
1506
1669
2061
2434
2701
2879
3127
3302
3298
3566
3999
4288
4769
5631
6430
6930
7117
7769
8314
8234
7849
7258
6123
4467
2582
970
-1190
-3953
-6375
-8531
-10702
-12711
-14044
-14702
-15413
-15618
-14810
-13741
-12559
-10714
-8292
-6131
-4434
-2249
146
1748
3025
4546
5664
5849
5886
6432
6566
5976
5684
5715
5243
4501
4388
4614
4187
3581
3484
3296
2471
1754
1429
695
-638
-1717
-2270
-3116
-4172
-4585
-4587
-4568
-4261
-3437
-2311
-1445
-84
1689
3046
4085
5144
6133
6622
6561
6638
6261
5229
4186
3216
2054
533
-771
-1658
-2720
-3798
-4422
-4742
-5025
-5172
-4964
-4665
-4455
-4075
-3451
-2952
-2628
-2246
-1819
-1577
-1433
-1178
-870
-719
-656
-503
-267
-37
270
710
1059
1371
1662
2046
2456
2762
3050
3248
3291
3381
3516
3704
3990
4225
4739
5377
5898
6310
6606
7155
7522
7271
6790
6168
5060
3465
1719
179
-2013
-4686
-6854
-8640
-10650
-12535
-13543
-13990
-14656
-14747
-13675
-12432
-11334
-9543
-7105
-5102
-3548
-1355
1018
2383
3380
4817
5847
5857
5868
6427
6453
5701
5361
5455
4928
4108
4069
4219
3629
2959
2929
2749
1914
1218
979
213
-1084
-1972
-2456
-3410
-4526
-4940
-4767
-3996
-3545
-2553
-1591
-353
1392
2928
4502
5741
6178
6732
6819
6809
6306
5175
4350
2814
1267
42
-1197
-2351
-3411
-4008
-4650
-5546
-5536
-5003
-4846
-4848
-4311
-3573
-3400
-3052
-2126
-1540
-1519
-1361
-904
-864
-951
-434
-50
-240
-373
-27
395
590
965
1561
1622
1771
2173
2638
2951
3047
3293
3300
3258
3533
3811
4131
4624
5325
5960
6173
6476
7087
7553
7522
6964
6274
5229
3702
2030
445
-1525
-4104
-6562
-8497
-10308
-12160
-13408
-13968
-14508
-14715
-14019
-12720
-11439
-9797
-7501
-5434
-3852
-1857
446
2138
3192
4456
5563
5737
5747
6237
6416
5845
5392
5367
4957
4230
4121
4324
3846
3174
3047
2915
2210
1553
1267
591
-706
-1503
-1836
-2680
-3631
-3933
-3647
-3732
-3779
-2907
-1895
-1217
-151
1312
2545
3143
4030
5182
5511
5435
5507
5355
4570
3609
3033
2113
704
-330
-1048
-2071
-3176
-3688
-3898
-4412
-4782
-4568
-4338
-4338
-4036
-3370
-2952
-2780
-2391
-1843
-1614
-1511
-1147
-825
-725
-682
-434
-187
30
334
720
988
1237
1576
2023
2381
2711
2998
3172
3340
3436
3712
4010
4334
4630
4985
5560
6101
6398
6654
6961
7054
6620
5935
5288
4122
2437
660
-953
-2994
-5411
-7407
-9004
-10801
-12444
-13256
-13567
-13975
-13857
-12705
-11367
-10244
-8543
-6222
-4281
-2711
-662
1505
2746
3608
4931
5957
6022
5992
6425
6417
5646
5287
5390
4945
4111
3909
3997
3405
2632
2531
2398
1502
719
406
-281
-1539
-2399
-2800
-3603
-4640
-4536
-4142
-4044
-3471
-2217
-851
-134
1220
3310
4371
5026
5994
6701
6614
5977
6022
5441
3809
2640
1696
347
-1237
-2213
-2761
-3909
-4792
-4871
-5021
-5298
-5082
-4448
-4190
-4062
-3377
-2620
-2281
-1902
-1261
-889
-891
-709
-334
-206
-129
10
145
157
269
660
1009
1186
1441
1657
1976
2254
2469
2736
2838
2842
2848
2965
3260
3469
3638
4050
4704
5268
5655
5965
6415
6709
6498
6070
5529
4553
3101
1457
-36
-1914
-4347
-6410
-8082
-9829
-11566
-12619
-13018
-13489
-13599
-12689
-11477
-10429
-8897
-6687
-4726
-3247
-1289
904
2257
3136
4463
5573
5666
5627
6155
6252
5530
5165
5341
4907
4044
3933
4139
3563
2811
2789
2709
1844
1074
897
250
-1071
-1927
-2198
-2956
-4032
-4431
-3965
-3794
-3708
-2925
-1816
-812
219
1710
3203
3922
4603
5518
5989
5932
5593
5411
4675
3424
2517
1634
334
-969
-1768
-2434
-3583
-4365
-4342
-4418
-4813
-4768
-4189
-3928
-3895
-3245
-2426
-2154
-1967
-1312
-827
-875
-750
-212
-73
-309
-197
118
131
94
493
895
893
1020
1519
1836
1944
2122
2473
2541
2465
2538
2675
2794
3033
3381
3563
3862
4588
5314
5714
5937
6302
6452
6050
5667
5166
3983
2317
697
-743
-2757
-5035
-6796
-8400
-10189
-11646
-12355
-12710
-13072
-12731
-11657
-10645
-9546
-7719
-5583
-3863
-2222
-172
1586
2599
3696
5057
5689
5642
5837
6182
5827
5190
5165
5116
4383
3775
3830
3697
2990
2586
2634
2146
1215
724
417
-519
-1605
-2108
-2448
-3285
-4148
-4292
-4236
-3900
-3182
-2259
-1447
-659
697
2230
3369
4446
5223
5673
5819
5825
5792
5168
4282
3354
2232
988
-280
-1262
-2075
-2966
-3797
-4405
-4684
-4728
-4637
-4404
-4069
-3781
-3460
-2954
-2359
-1852
-1435
-1047
-790
-720
-550
-198
15
9
22
90
157
294
613
974
1062
1178
1449
1644
1913
2130
2320
2312
2170
2290
2449
2578
2876
3137
3356
3722
4355
5066
5469
5765
6170
6215
5854
5478
4879
3762
2183
607
-952
-3049
-5146
-6792
-8435
-10132
-11480
-12143
-12520
-12797
-12275
-11188
-10178
-8945
-7146
-5129
-3410
-1668
344
1896
2871
3988
5153
5667
5708
5901
6068
5624
5114
5038
4801
4102
3578
3511
3224
2587
2289
2241
1736
984
522
80
-819
-1663
-2070
-2581
-3484
-4092
-4094
-4003
-3552
-2694
-1738
-1137
-292
1290
2737
3724
4742
5497
5758
5627
5750
5704
4817
3830
2903
1693
296
-800
-1528
-2497
-3525
-4120
-4590
-4980
-4956
-4569
-4302
-4159
-3748
-3162
-2673
-2102
-1376
-847
-644
-444
-171
67
234
415
434
294
197
263
444
569
698
790
845
972
1212
1458
1730
1743
1793
1810
1825
1912
2106
2459
2738
2843
3195
3945
4658
5266
5659
6031
6169
6035
5860
5500
4514
3180
1650
96
-1698
-3728
-5502
-7201
-8945
-10454
-11518
-12107
-12420
-12301
-11556
-10650
-9627
-8147
-6242
-4354
-2638
-833
919
2162
3188
4355
5273
5550
5596
5750
5659
5172
4879
4823
4418
3735
3405
3307
2901
2418
2266
2062
1387
709
344
-195
-1079
-1787
-2214
-2807
-3492
-3802
-3649
-3329
-2943
-2191
-1335
-435
624
1815
3070
3976
4590
5140
5390
5437
5180
4756
4124
3062
2039
1076
3
-1069
-1947
-2586
-3363
-4062
-4248
-4244
-4312
-4248
-3842
-3488
-3309
-2841
-2142
-1678
-1402
-954
-493
-377
-281
49
208
95
58
179
178
70
217
455
449
473
697
958
1130
1268
1523
1623
1609
1744
1915
2095
2348
2627
2925
3117
3586
4434
5066
5446
5676
5944
6083
5818
5512
5019
3832
2315
787
-619
-2386
-4435
-6069
-7581
-9266
-10613
-11330
-11634
-11887
-11678
-10773
-9852
-8820
-7186
-5230
-3540
-2051
-331
1268
2303
3345
4529
5209
5275
5356
5557
5356
4913
4814
4657
4028
3422
3272
3111
2586
2216
2098
1658
915
465
155
-515
-1368
-1860
-2254
-2861
-3454
-3573
-3467
-2989
-2198
-1366
-693
46
1295
2612
3615
4494
5007
5157
5116
5024
4867
4105
3178
2200
1090
-25
-1026
-1820
-2549
-3265
-3783
-4246
-4446
-4307
-3987
-3728
-3508
-3132
-2737
-2301
-1755
-1201
-811
-585
-409
-254
-147
96
274
216
85
31
70
185
362
633
703
639
851
1128
1456
1590
1724
1822
1768
1790
2050
2347
2604
2761
3037
3393
3959
4671
5317
5611
5715
5875
5799
5471
4948
4128
2836
1106
-448
-1997
-3924
-5758
-7305
-8741
-10247
-11305
-11584
-11709
-11691
-10991
-9897
-8861
-7621
-5756
-3760
-2205
-662
1040
2298
3143
4187
5162
5449
5290
5375
5362
4873
4456
4407
4055
3359
2966
2915
2572
2070
1933
1788
1189
509
205
-214
-909
-1412
-1755
-2396
-3135
-3358
-2841
-2402
-2043
-1531
-939
-120
862
2103
3211
3734
4082
4375
4593
4676
4402
4052
3338
2343
1398
567
-203
-1028
-1786
-2435
-3228
-3817
-3919
-3801
-3802
-3789
-3538
-3283
-3091
-2600
-1869
-1409
-1217
-944
-651
-522
-352
-8
138
-122
-257
-146
-11
50
220
402
425
429
693
1028
1270
1453
1624
1726
1766
1897
2101
2439
2669
2886
3044
3277
3755
4475
5104
5487
5458
5576
5710
5553
5166
4526
3517
2018
330
-1003
-2527
-4443
-6157
-7629
-9061
-10453
-11198
-11284
-11411
-11289
-10477
-9486
-8453
-7003
-4995
-3201
-1880
-357
1264
2374
3301
4403
5196
5241
5097
5271
5211
4784
4538
4399
3853
3182
2927
2878
2460
2037
1859
1522
844
328
84
-395
-1172
-1719
-2044
-2339
-2669
-2749
-2582
-2326
-1829
-1179
-469
327
1113
1971
2768
3383
3862
4103
4291
4261
3970
3585
3009
2261
1477
725
-46
-979
-1706
-2207
-2792
-3355
-3597
-3597
-3676
-3723
-3443
-3115
-2903
-2541
-2032
-1652
-1421
-1028
-623
-482
-426
-186
-56
-94
-100
46
73
-6
74
284
380
487
684
923
1113
1254
1471
1625
1755
1924
2085
2305
2590
2798
3081
3352
3794
4359
4833
5208
5323
5369
5505
5343
4914
4220
3248
2012
476
-913
-2368
-4178
-5907
-7369
-8662
-9857
-10710
-10956
-11056
-10952
-10268
-9250
-8157
-6835
-5119
-3350
-1923
-477
1077
2310
3242
4143
4873
5104
5052
5131
5111
4770
4422
4168
3776
3241
2924
2791
2461
2015
1732
1457
970
470
129
-301
-962
-1485
-1718
-2031
-2440
-2545
-2288
-1975
-1702
-1154
-426
162
867
1750
2515
2936
3252
3673
3841
3680
3537
3267
2704
1999
1412
787
-69
-813
-1331
-1941
-2617
-3031
-3204
-3402
-3547
-3431
-3248
-3136
-2895
-2429
-2026
-1755
-1413
-1015
-747
-567
-340
-136
-76
-79
-18
53
60
103
195
300
393
482
675
904
1065
1266
1428
1598
1680
1807
2094
2303
2494
2744
3026
3273
3535
4170
4814
5028
5073
5213
5389
5141
4704
4289
3369
1943
560
-624
-2048
-3916
-5473
-6749
-8219
-9536
-10215
-10487
-10799
-10793
-10035
-9162
-8394
-7073
-5235
-3632
-2389
-886
770
1883
2742
3882
4741
4888
4859
5142
5199
4768
4493
4446
4003
3316
3034
2996
2572
2027
1843
1605
947
360
136
-270
-945
-1381
-1546
-1991
-2535
-2525
-2174
-2050
-1940
-1476
-830
-342
336
1316
2032
2407
2844
3418
3720
3695
3723
3646
3156
2542
2058
1507
696
-66
-632
-1305
-2088
-2580
-2799
-3083
-3361
-3380
-3269
-3240
-3112
-2682
-2278
-2051
-1755
-1329
-995
-774
-472
-165
-110
-167
-95
21
15
-4
71
100
103
187
409
555
654
886
1119
1210
1342
1543
1820
1963
2232
2614
2786
2861
3205
3748
4297
4585
4897
5087
5044
5076
5042
4639
3862
2851
1777
415
-1025
-2303
-3850
-5490
-6912
-8064
-9106
-9953
-10209
-10129
-10101
-9644
-8706
-7582
-6363
-4862
-3202
-1852
-645
810
2104
3015
3810
4526
4867
4805
4855
4951
4711
4328
4079
3737
3211
2793
2667
2355
1843
1467
1176
671
138
-208
-585
-1215
-1813
-2212
-2652
-3118
-3305
-3113
-2523
-1681
-908
-165
691
1946
3171
4133
4973
5398
5362
5219
5026
4608
3612
2577
1547
228
-947
-1791
-2525
-3310
-3902
-4135
-4483
-4650
-4217
-3699
-3462
-3223
-2637
-2151
-1866
-1309
-670
-430
-367
-135
121
114
231
470
431
170
113
254
319
325
459
510
440
496
747
965
1005
1047
1143
1235
1323
1493
1765
2024
2199
2462
2788
3290
3952
4610
5113
5269
5382
5579
5529
5236
4654
3695
2397
887
-414
-1885
-3684
-5326
-6775
-8190
-9461
-10220
-10423
-10628
-10560
-9882
-9019
-8094
-6765
-5030
-3451
-2194
-730
735
1767
2719
3786
4455
4527
4590
4837
4734
4378
4282
4152
3608
3065
2981
2881
2445
2111
1989
1588
963
602
378
-197
-880
-1299
-1723
-2326
-2663
-2597
-2583
-2634
-2312
-1665
-1082
-408
585
1538
2211
2886
3684
4234
4436
4599
4608
4247
3668
3109
2467
1553
635
-160
-1034
-1896
-2571
-3014
-3425
-3787
-3882
-3864
-3801
-3604
-3223
-2787
-2451
-2089
-1632
-1217
-858
-549
-256
-79
-14
58
129
131
93
91
124
119
96
179
283
403
542
727
846
951
1094
1281
1357
1460
1589
1725
1853
2083
2313
2487
2738
3230
3778
4124
4419
4671
4841
4888
4826
4554
3927
2998
2023
831
-463
-1875
-3361
-4855
-6291
-7510
-8511
-9314
-9726
-9872
-9761
-9315
-8553
-7519
-6315
-4917
-3450
-2092
-765
586
1754
2730
3560
4199
4496
4582
4660
4663
4419
4128
3834
3454
3031
2758
2569
2250
1884
1631
1341
921
508
161
-325
-904
-1324
-1672
-2079
-2482
-2620
-2577
-2459
-1937
-1191
-573
-50
765
1898
2757
3404
4119
4505
4497
4383
4400
4086
3253
2508
1781
754
-279
-1010
-1638
-2473
-3143
-3441
-3798
-4066
-3921
-3599
-3494
-3369
-2909
-2428
-2131
-1679
-1090
-736
-575
-291
47
207
306
458
457
259
159
200
218
147
126
119
59
88
270
475
585
652
751
838
890
1006
1163
1348
1497
1640
1807
2023
2401
2918
3440
3923
4300
4613
4869
5107
5270
5075
4569
3892
2983
1827
557
-678
-2115
-3833
-5350
-6600
-7799
-8847
-9429
-9659
-9894
-9846
-9142
-8196
-7222
-5986
-4466
-3108
-1940
-520
959
1999
2811
3666
4236
4348
4453
4751
4724
4335
4089
3934
3520
3089
2994
2897
2417
1976
1795
1487
958
545
245
-359
-1113
-1555
-1839
-2227
-2624
-2722
-2534
-2326
-1952
-1349
-591
208
954
1829
2696
3309
3755
4122
4364
4224
3842
3507
2948
2109
1308
581
-294
-1252
-1857
-2311
-2973
-3476
-3538
-3562
-3729
-3642
-3218
-2955
-2787
-2314
-1772
-1505
-1236
-736
-390
-309
-122
208
277
193
285
405
290
225
338
401
256
244
406
433
414
510
657
692
747
921
1008
949
1104
1317
1498
1624
1870
2156
2382
2747
3295
3764
4152
4471
4682
4778
4791
4703
4281
3577
2709
1640
344
-937
-2247
-3701
-5208
-6484
-7576
-8539
-9195
-9426
-9508
-9389
-8855
-7998
-7057
-5908
-4447
-3006
-1810
-570
771
1874
2723
3512
4158
4382
4455
4617
4665
4419
4166
3965
3630
3171
2937
2764
2411
2010
1741
1424
918
451
106
-348
-958
-1417
-1777
-2177
-2541
-2602
-2529
-2468
-2242
-1364
-355
334
932
1800
2837
3545
4130
4782
4839
4440
4100
3835
3223
2115
1295
436
-789
-1779
-2371
-2930
-3643
-4016
-3961
-4216
-4328
-3836
-3258
-3046
-2809
-2160
-1659
-1458
-942
-303
-72
-69
188
480
460
508
753
735
416
288
415
465
396
452
468
337
292
432
594
611
610
661
602
600
684
817
947
1106
1380
1546
1699
2155
2745
3253
3615
3992
4372
4504
4690
4884
4732
4160
3447
2701
1712
446
-711
-1987
-3516
-4980
-6149
-7175
-8161
-8780
-8967
-9140
-9158
-8606
-7691
-6754
-5693
-4318
-3019
-1962
-716
705
1736
2452
3218
3874
4050
4143
4475
4591
4242
3917
3807
3520
3058
2848
2762
2362
1844
1584
1373
894
413
151
-307
-974
-1476
-1794
-2199
-2625
-2800
-2793
-2912
-2129
-917
-72
439
1229
2685
3576
4215
5285
5586
5175
4717
4586
4155
2694
1818
939
-574
-1882
-2609
-3133
-4071
-4618
-4458
-4806
-5054
-4491
-3678
-3380
-3126
-2304
-1733
-1581
-975
-151
155
111
413
719
640
739
1095
1101
703
575
667
659
544
638
626
389
239
351
430
420
361
357
285
168
172
306
504
674
868
1061
1300
1596
2087
2783
3261
3581
3900
4322
4671
4779
4876
4789
4193
3473
2761
1917
710
-597
-1752
-3163
-4698
-5866
-6762
-7670
-8423
-8715
-8809
-8907
-8525
-7588
-6659
-5832
-4725
-3382
-2240
-1161
167
1342
2063
2667
3368
3844
4020
4253
4496
4339
4033
3891
3797
3518
3204
3047
2742
2261
1893
1642
1264
744
237
-220
-818
-1387
-1767
-2041
-2381
-2637
-2759
-2538
-1979
-1342
-679
-155
612
1487
2288
3119
3702
3936
3997
3942
3919
3455
2900
2275
1402
519
-278
-970
-1688
-2330
-2683
-3140
-3584
-3661
-3491
-3320
-3193
-2849
-2524
-2342
-1970
-1416
-1005
-768
-501
-167
-30
143
441
648
617
580
629
679
655
699
689
561
440
409
381
345
341
317
224
127
154
162
212
317
460
539
632
845
1175
1527
1879
2141
2406
2729
3116
3471
3709
3899
3901
3784
3654
3392
2924
2238
1492
644
-460
-1534
-2546
-3599
-4657
-5593
-6337
-7042
-7548
-7630
-7535
-7378
-7019
-6355
-5541
-4671
-3593
-2439
-1442
-498
524
1465
2204
2845
3431
3764
3893
4032
4143
4054
3874
3711
3475
3099
2749
2500
2165
1752
1369
998
547
72
-267
-561
-898
-1181
-1378
-1477
-1584
-1525
-1272
-1030
-796
-526
-88
387
732
1154
1538
1792
1949
2084
2259
2191
2015
1875
1593
1185
754
400
-18
-558
-956
-1315
-1744
-2062
-2191
-2276
-2457
-2516
-2371
-2272
-2183
-1935
-1636
-1435
-1245
-921
-608
-421
-171
120
290
377
504
662
693
661
694
678
596
508
467
426
310
235
205
183
169
178
223
309
384
536
710
902
1088
1297
1561
1819
1987
2206
2460
2663
2795
2907
3021
2983
2860
2804
2586
2134
1636
1152
527
-342
-1133
-1867
-2819
-3764
-4454
-5070
-5774
-6297
-6403
-6471
-6572
-6295
-5693
-5149
-4572
-3655
-2618
-1829
-991
100
1009
1621
2291
3032
3405
3514
3786
4014
3839
3587
3505
3317
2848
2495
2306
1914
1389
1091
861
404
-73
-346
-612
-1019
-1251
-1258
-1359
-1515
-1483
-1232
-810
-358
146
505
845
1361
1850
2244
2509
2547
2430
2203
2065
1802
1335
896
377
-210
-727
-1098
-1421
-1790
-2005
-2148
-2400
-2476
-2309
-2132
-2100
-1980
-1734
-1594
-1456
-1093
-756
-605
-478
-219
-41
78
347
638
695
651
729
811
789
795
815
664
431
301
254
79
-49
-106
-191
-314
-330
-240
-170
-85
185
425
594
815
1185
1570
1866
2162
2466
2689
2911
3163
3319
3309
3225
3133
2945
2594
2140
1643
1024
308
-472
-1269
-2104
-2987
-3764
-4425
-5084
-5699
-6132
-6293
-6354
-6327
-6033
-5566
-5043
-4388
-3503
-2585
-1772
-869
141
961
1621
2353
3025
3372
3600
3914
4055
3896
3760
3709
3435
2979
2660
2373
1875
1359
1028
654
89
-350
-589
-906
-1275
-1419
-1416
-1551
-1646
-1344
-940
-738
-512
-54
412
679
1064
1579
1777
1766
1879
2031
1906
1639
1573
1359
864
509
323
-19
-495
-735
-867
-1282
-1614
-1628
-1667
-1889
-1980
-1856
-1873
-1950
-1745
-1471
-1387
-1295
-993
-711
-581
-330
32
251
343
498
709
803
837
902
875
767
649
570
464
292
148
8
-114
-205
-267
-266
-222
-142
-33
135
371
588
841
1139
1444
1669
1859
2147
2395
2554
2679
2776
2800
2701
2669
2642
2363
1932
1513
1104
494
-223
-823
-1518
-2422
-3233
-3805
-4393
-5094
-5530
-5663
-5859
-6031
-5789
-5309
-4935
-4441
-3585
-2710
-2059
-1235
-143
709
1289
1999
2731
3106
3306
3697
3927
3736
3551
3552
3339
2851
2540
2343
1834
1246
940
686
159
-303
-469
-733
-1134
-1280
-1153
-1133
-1260
-1062
-667
-428
-198
187
619
824
1011
1375
1554
1529
1515
1564
1483
1180
1016
896
586
261
53
-114
-458
-751
-806
-960
-1246
-1406
-1403
-1492
-1670
-1648
-1544
-1593
-1609
-1447
-1273
-1218
-1047
-752
-550
-447
-197
115
299
419
618
784
792
800
863
843
679
581
508
355
117
19
-70
-194
-307
-232
-211
-252
-176
68
265
376
613
932
1146
1318
1607
1865
2061
2225
2494
2590
2584
2597
2687
2622
2423
2129
1809
1350
849
307
-312
-1059
-1852
-2612
-3284
-3925
-4541
-5057
-5421
-5645
-5773
-5688
-5390
-4985
-4506
-3841
-3094
-2323
-1522
-574
273
968
1630
2304
2774
3102
3432
3678
3636
3492
3412
3236
2892
2566
2306
1878
1382
1038
786
386
21
-175
-344
-623
-782
-768
-768
-844
-786
-624
-528
-474
-317
-91
58
191
367
538
633
748
912
1040
1050
1068
1101
1074
959
870
774
569
299
94
-125
-425
-722
-914
-1119
-1389
-1570
-1635
-1715
-1782
-1737
-1617
-1535
-1422
-1175
-932
-738
-509
-219
6
154
344
564
651
691
727
744
662
582
537
450
269
138
46
-36
-109
-113
-85
-103
-85
28
186
327
510
691
844
979
1192
1408
1569
1720
1912
1999
2049
2115
2202
2207
2157
2081
1854
1495
1206
895
428
-155
-746
-1394
-2145
-2758
-3235
-3829
-4427
-4791
-4986
-5166
-5194
-4894
-4548
-4229
-3673
-2904
-2215
-1538
-669
205
798
1362
2035
2534
2779
3056
3337
3310
3101
3038
2950
2627
2309
2099
1777
1284
965
807
498
172
19
-173
-461
-667
-517
-455
-615
-632
-548
-479
-428
-230
34
-44
-57
149
289
356
401
603
620
514
620
718
682
645
647
585
291
153
132
-37
-301
-503
-670
-926
-1156
-1182
-1229
-1365
-1426
-1390
-1345
-1313
-1134
-878
-727
-620
-426
-200
16
202
420
541
565
619
703
731
689
618
554
406
291
223
170
83
18
11
-6
-9
81
209
322
392
491
625
742
921
1072
1180
1279
1439
1615
1714
1774
1933
2037
2043
1961
1855
1690
1406
1058
699
171
-474
-1156
-1779
-2364
-3020
-3641
-4165
-4617
-4906
-5051
-5034
-4901
-4666
-4212
-3672
-3068
-2357
-1569
-764
-49
635
1335
1879
2328
2708
3004
3127
3096
3070
2970
2748
2519
2279
2000
1639
1348
1143
877
642
441
228
-12
-176
-177
-249
-428
-540
-579
-511
-451
-361
-305
-310
-210
-39
139
289
357
453
523
613
700
730
777
755
673
564
435
325
185
39
-155
-442
-661
-825
-948
-1083
-1206
-1309
-1417
-1448
-1365
-1294
-1208
-1104
-956
-823
-672
-431
-205
-40
110
265
397
497
602
715
707
671
626
596
537
477
411
327
208
166
127
120
139
164
203
223
301
417
514
628
757
851
959
1033
1207
1367
1508
1615
1669
1729
1831
1884
1891
1734
1536
1295
956
586
124
-429
-1064
-1739
-2339
-2936
-3537
-4013
-4420
-4702
-4895
-4899
-4718
-4434
-4018
-3458
-2872
-2199
-1478
-685
28
646
1261
1789
2176
2487
2743
2911
2903
2830
2763
2577
2363
2151
1959
1665
1341
1112
910
661
520
390
195
-57
-100
-42
-148
-279
-282
-288
-368
-369
-248
-251
-349
-244
-118
-87
-49
155
303
325
439
638
667
680
781
836
682
527
483
336
71
-130
-324
-609
-889
-1033
-1161
-1368
-1473
-1485
-1516
-1534
-1420
-1227
-1104
-981
-754
-539
-340
-134
103
266
354
479
590
637
651
634
616
555
492
441
362
327
271
231
208
192
209
239
298
350
344
411
506
602
671
723
804
851
915
1037
1134
1234
1294
1348
1415
1450
1485
1504
1468
1324
1038
787
529
143
-326
-803
-1356
-2001
-2562
-2924
-3358
-3838
-4101
-4198
-4319
-4324
-4000
-3573
-3283
-2814
-2108
-1513
-1004
-295
497
967
1304
1826
2222
2328
2479
2722
2700
2422
2336
2345
2097
1811
1717
1559
1211
978
971
819
535
418
354
144
-68
-117
-176
-373
-485
-506
-616
-743
-726
-623
-609
-596
-472
-346
-236
-52
189
361
445
575
732
817
847
860
825
697
526
379
204
-23
-263
-485
-715
-945
-1115
-1208
-1283
-1348
-1360
-1306
-1227
-1118
-937
-729
-562
-407
-194
18
174
330
498
596
610
648
719
708
655
638
595
486
387
370
327
249
241
254
218
188
243
324
328
372
459
479
490
572
694
709
705
821
932
953
1008
1098
1127
1058
1075
1121
982
727
525
319
-26
-438
-775
-1183
-1721
-2175
-2498
-2838
-3232
-3462
-3523
-3598
-3613
-3409
-3100
-2813
-2441
-1878
-1336
-890
-351
262
750
1116
1520
1889
2053
2170
2348
2405
2280
2186
2181
2058
1817
1685
1595
1373
1135
1039
915
638
407
280
78
-198
-352
-436
-616
-776
-808
-807
-734
-551
-335
-238
-108
176
415
595
807
912
847
763
793
733
505
339
152
-148
-410
-530
-646
-853
-974
-1021
-1170
-1236
-1158
-1071
-1095
-1070
-964
-931
-874
-677
-500
-397
-307
-120
11
115
346
541
629
649
703
776
763
792
805
685
563
438
399
312
216
185
94
15
-2
-3
66
96
203
291
331
466
618
788
932
1043
1204
1295
1389
1507
1545
1549
1466
1405
1315
1097
811
506
178
-200
-684
-1116
-1576
-2089
-2548
-2898
-3223
-3576
-3810
-3832
-3838
-3800
-3574
-3237
-2890
-2482
-1897
-1331
-870
-320
301
780
1168
1585
1970
2136
2287
2504
2573
2470
2408
2393
2237
1993
1863
1703
1392
1135
989
785
460
238
106
-96
-303
-403
-490
-631
-692
-611
-577
-600
-549
-407
-271
-160
7
145
228
342
497
622
654
659
690
668
615
538
444
313
146
4
-148
-343
-519
-670
-809
-963
-1094
-1164
-1230
-1271
-1260
-1213
-1142
-1048
-901
-720
-565
-384
-181
8
178
330
495
605
669
738
787
779
747
696
659
574
497
409
298
192
132
91
53
4
-19
-24
-3
81
149
201
266
390
519
617
721
880
1016
1142
1235
1323
1373
1378
1405
1420
1307
1057
781
568
277
-143
-554
-992
-1522
-2049
-2391
-2686
-3102
-3431
-3520
-3593
-3661
-3518
-3178
-2915
-2648
-2126
-1569
-1166
-677
-10
517
821
1225
1690
1898
2024
2288
2441
2297
2183
2252
2155
1893
1768
1693
1402
1087
1007
915
608
364
261
87
-202
-325
-318
-479
-666
-689
-614
-633
-643
-471
-312
-273
-144
77
269
325
459
660
691
661
721
778
700
560
531
414
176
38
-46
-228
-494
-639
-727
-935
-1088
-1106
-1148
-1257
-1290
-1182
-1130
-1103
-941
-734
-623
-516
-304
-61
72
225
429
567
616
706
829
878
837
860
846
764
655
603
529
391
276
203
58
-60
-110
-128
-201
-279
-254
-235
-206
-111
32
144
235
384
661
886
1092
1248
1441
1580
1651
1740
1815
1679
1413
1146
924
509
-6
-435
-941
-1581
-2145
-2500
-2880
-3350
-3587
-3630
-3763
-3790
-3526
-3140
-2891
-2509
-1897
-1409
-1023
-410
241
642
923
1380
1734
1835
2028
2303
2328
2183
2196
2271
2106
1935
1933
1817
1516
1280
1186
973
652
442
249
-92
-419
-600
-682
-868
-1021
-1070
-1073
-1068
-970
-750
-533
-421
-236
36
279
445
635
868
924
909
965
1004
894
759
692
538
230
52
-63
-269
-534
-665
-783
-1005
-1157
-1130
-1158
-1257
-1266
-1164
-1129
-1094
-902
-692
-598
-482
-238
-24
110
305
554
679
739
866
1007
1018
1021
1067
1037
900
802
753
631
460
363
238
50
-108
-188
-269
-400
-468
-498
-564
-571
-510
-409
-314
-195
12
254
523
784
1011
1281
1505
1674
1817
1891
1809
1593
1396
1163
706
194
-266
-806
-1452
-1976
-2340
-2804
-3249
-3407
-3464
-3593
-3546
-3211
-2892
-2667
-2207
-1624
-1218
-812
-203
316
574
882
1324
1552
1642
1858
2045
1977
1915
2021
2035
1864
1785
1774
1596
1373
1286
1180
914
669
522
302
-3
-197
-339
-535
-737
-836
-905
-980
-970
-867
-768
-670
-530
-329
-117
99
311
498
650
764
861
949
983
934
842
743
596
387
209
24
-211
-472
-660
-823
-1017
-1153
-1195
-1249
-1296
-1273
-1158
-1068
-957
-760
-572
-429
-266
-45
156
284
429
580
647
707
792
877
861
838
855
838
767
730
694
611
479
412
332
190
50
-34
-132
-268
-397
-471
-557
-619
-615
-589
-576
-541
-410
-199
47
281
496
704
973
1255
1494
1627
1664
1592
1462
1312
1098
720
250
-233
-729
-1259
-1727
-2095
-2461
-2809
-3009
-3083
-3106
-3011
-2733
-2412
-2136
-1774
-1309
-871
-457
22
448
714
938
1218
1423
1525
1637
1724
1676
1604
1630
1647
1570
1507
1479
1377
1233
1151
1068
876
643
451
250
0
-224
-402
-587
-760
-822
-787
-765
-752
-644
-465
-298
-131
72
234
307
392
503
541
502
482
454
343
206
121
21
-126
-255
-352
-494
-647
-719
-753
-838
-918
-920
-899
-895
-843
-723
-632
-550
-397
-213
-84
52
244
407
487
588
711
771
788
823
834
765
699
677
626
524
435
350
246
134
56
-19
-96
-149
-188
-229
-243
-190
-42
162
353
501
671
945
1257
1511
1676
1727
1663
1550
1441
1235
827
319
-202
-775
-1369
-1890
-2359
-2841
-3247
-3479
-3624
-3696
-3574
-3278
-2964
-2640
-2190
-1668
-1170
-631
-64
379
681
986
1313
1528
1654
1766
1792
1709
1641
1647
1636
1558
1493
1439
1344
1260
1228
1188
1062
884
702
483
237
-1
-230
-476
-738
-960
-1115
-1196
-1187
-1085
-912
-726
-519
-222
157
535
853
1117
1308
1417
1500
1560
1505
1315
1083
839
531
201
-71
-331
-623
-871
-1044
-1202
-1326
-1327
-1263
-1258
-1258
-1172
-1048
-945
-816
-665
-587
-551
-443
-292
-193
-120
-9
88
146
238
387
513
598
681
762
800
841
904
938
892
801
701
585
460
343
207
29
-155
-308
-427
-516
-568
-607
-642
-667
-647
-591
-506
-416
-336
-258
-154
-28
111
259
421
569
710
890
1079
1218
1306
1409
1480
1440
1341
1241
1051
731
390
78
-345
-848
-1249
-1592
-2008
-2384
-2568
-2695
-2852
-2841
-2636
-2462
-2279
-1893
-1419
-1063
-679
-153
290
575
922
1309
1510
1601
1778
1897
1823
1750
1771
1693
1498
1382
1308
1113
901
804
677
441
255
162
2
-216
-344
-419
-541
-629
-607
-592
-642
-622
-496
-392
-327
-219
-101
-52
-3
110
202
212
215
238
223
169
140
111
31
-75
-168
-271
-387
-489
-572
-663
-756
-828
-870
-875
-847
-787
-697
-574
-436
-269
-72
148
333
513
689
842
939
1043
1130
1144
1100
1071
1024
913
804
697
534
317
197
112
-17
-163
-189
-193
-173
-44
190
333
456
730
1049
1217
1320
1461
1449
1262
1094
928
498
-53
-499
-951
-1588
-2128
-2462
-2822
-3227
-3366
-3328
-3354
-3256
-2844
-2412
-2129
-1694
-1093
-639
-285
214
644
798
932
1206
1324
1251
1268
1345
1228
1081
1125
1170
1060
1016
1108
1111
1024
1048
1111
1018
873
797
673
416
187
18
-214
-504
-702
-827
-954
-1015
-942
-819
-688
-467
-151
180
499
846
1167
1417
1601
1741
1797
1759
1637
1448
1186
860
504
147
-193
-536
-853
-1112
-1304
-1453
-1525
-1521
-1487
-1440
-1329
-1173
-1039
-915
-754
-617
-539
-458
-351
-290
-268
-201
-120
-84
-51
45
147
218
309
437
521
569
639
711
710
677
651
589
467
349
249
108
-52
-169
-264
-371
-446
-466
-475
-476
-419
-327
-246
-153
-28
84
171
268
358
404
424
439
421
365
314
271
209
144
99
60
26
19
43
64
83
108
137
157
174
183
176
147
101
53
5
-51
-106
-152
-189
-227
-253
-250
-236
-228
-211
-186
-172
-163
-147
-139
-157
-185
-212
-249
-296
-339
-378
-421
-457
-472
-481
-485
-464
-425
-374
-311
-229
-145
-63
30
127
208
276
336
375
388
384
371
333
272
205
135
56
-25
-97
-163
-224
-270
-295
-308
-311
-298
-271
-233
-175
-103
-24
69
173
277
386
515
633
730
821
914
974
1003
1038
1053
1011
957
913
832
717
626
534
392
249
137
13
-124
-221
-292
-376
-423
-407
-359
-284
-156
-13
132
314
500
624
716
791
775
661
529
336
9
-354
-679
-1063
-1510
-1872
-2148
-2447
-2685
-2743
-2737
-2733
-2576
-2265
-1979
-1687
-1258
-812
-476
-120
290
572
735
950
1138
1163
1153
1212
1199
1089
1051
1071
998
908
927
949
877
832
854
800
677
605
535
371
192
76
-53
-225
-353
-409
-462
-491
-439
-333
-219
-72
132
361
578
779
963
1125
1246
1314
1330
1291
1180
1012
832
628
369
86
-167
-401
-629
-814
-946
-1064
-1149
-1158
-1119
-1083
-1024
-922
-814
-718
-606
-490
-412
-348
-261
-193
-168
-140
-90
-65
-59
-29
1
-1
7
46
73
63
64
86
84
63
54
39
-7
-49
-64
-88
-128
-155
-157
-148
-126
-90
-47
14
86
162
247
335
406
457
514
556
555
537
515
463
375
287
201
91
-17
-97
-175
-252
-303
-321
-327
-317
-278
-234
-187
-128
-63
-4
43
82
108
124
138
140
136
125
107
90
80
77
71
69
76
85
96
108
121
127
121
111
95
61
17
-32
-92
-159
-225
-285
-341
-387
-419
-438
-442
-426
-393
-352
-295
-229
-166
-101
-34
20
58
94
117
116
104
92
65
21
-16
-47
-89
-129
-152
-169
-187
-192
-181
-171
-161
-140
-113
-91
-67
-40
-10
14
39
69
103
139
177
222
271
318
372
427
485
531
569
603
629
638
634
620
587
537
485
427
358
276
198
124
46
-23
-83
-142
-199
-249
-282
-305
-322
-324
-320
-302
-273
-226
-164
-104
-37
37
116
201
274
343
380
398
406
380
325
235
113
-44
-223
-394
-590
-801
-989
-1160
-1303
-1405
-1445
-1449
-1431
-1339
-1194
-1020
-813
-579
-341
-125
100
324
499
638
742
801
814
802
772
696
597
495
391
292
210
142
83
41
21
16
26
46
66
80
100
122
145
176
214
254
297
357
439
528
626
719
797
852
889
911
886
807
682
513
313
99
-126
-366
-608
-823
-997
-1117
-1180
-1202
-1185
-1120
-1004
-847
-667
-482
-314
-163
-18
114
219
290
322
320
305
289
264
226
182
135
93
72
76
80
76
82
93
108
133
161
167
151
140
128
109
92
72
42
8
1
15
30
57
94
134
184
253
330
388
435
471
488
491
477
439
363
262
150
23
-116
-260
-409
-560
-698
-810
-898
-963
-1002
-1017
-1003
-957
-879
-780
-671
-550
-423
-290
-157
-33
78
168
241
299
342
367
374
368
349
325
300
271
238
201
168
140
115
94
73
55
40
31
26
25
26
30
39
55
77
100
125
151
175
201
226
243
251
250
240
216
183
140
87
24
-44
-112
-177
-235
-281
-313
-330
-328
-304
-257
-191
-110
-15
86
191
294
392
477
546
596
624
629
616
583
533
466
390
306
219
134
56
-16
-83
-138
-180
-211
-235
-246
-250
-252
-244
-228
-206
-179
-148
-111
-70
-25
26
76
119
154
179
188
176
140
79
-8
-121
-251
-398
-557
-714
-862
-992
-1095
-1164
-1196
-1185
-1133
-1038
-908
-747
-563
-367
-168
24
200
354
477
566
619
640
630
591
531
456
374
293
221
161
116
87
74
78
97
126
162
199
237
272
305
335
360
380
394
406
415
423
431
434
434
431
425
419
412
399
381
355
329
300
268
227
170
96
12
-81
-182
-292
-415
-539
-652
-745
-813
-856
-873
-859
-808
-718
-599
-463
-321
-175
-33
101
214
294
337
345
326
286
226
150
63
-21
-88
-136
-161
-165
-148
-110
-49
29
115
198
275
339
391
427
444
439
412
370
316
258
196
133
74
23
-13
-33
-38
-33
-24
-7
16
39
51
52
36
7
-36
-87
-149
-219
-291
-356
-409
-446
-468
-473
-460
-432
-386
-326
-264
-204
-148
-97
-56
-25
-8
-5
-17
-36
-55
-76
-101
-122
-134
-137
-129
-109
-80
-48
-13
27
72
110
139
160
171
171
165
151
130
99
69
43
25
12
4
6
15
36
64
95
127
155
181
201
212
211
198
173
142
104
63
23
-15
-45
-65
-73
-69
-55
-30
2
40
81
123
162
197
227
253
270
282
288
287
283
276
267
258
246
233
220
207
192
178
165
148
131
110
86
57
26
-9
-46
-85
-125
-164
-199
-229
-256
-276
-293
-302
-307
-308
-306
-302
-298
-293
-288
-288
-287
-288
-292
-299
-306
-313
-321
-325
-329
-331
-329
-321
-310
-293
-271
-243
-213
-177
-142
-105
-70
-36
-4
24
46
66
83
96
105
112
118
123
130
137
144
151
161
170
178
187
194
200
204
208
209
208
208
206
204
206
209
216
224
233
244
253
259
261
257
246
227
198
163
120
74
26
-25
-74
-118
-158
-188
-212
-226
-232
-232
-224
-208
-189
-167
-142
-114
-89
-62
-37
-12
11
34
58
77
98
116
131
145
155
166
176
182
187
192
196
196
196
191
185
177
166
154
140
127
115
100
86
72
57
42
25
5
-16
-41
-68
-99
-132
-167
-206
-245
-282
-317
-347
-372
-392
-405
-411
-409
-401
-387
-369
-348
-323
-299
-274
-249
-225
-203
-180
-158
-136
-112
-89
-66
-42
-18
6
30
52
72
88
100
110
117
122
123
125
126
128
132
138
145
157
168
181
196
209
220
229
235
239
238
231
225
212
199
183
165
145
124
105
85
64
42
22
1
-17
-31
-44
-54
-60
-61
-59
-54
-43
-29
-13
7
27
49
70
89
105
117
125
129
129
125
120
110
97
83
68
56
43
30
19
8
-6
-19
-34
-50
-66
-84
-101
-118
-131
-143
-150
-151
-149
-142
-133
-120
-105
-90
-76
-64
-58
-54
-53
-55
-61
-68
-77
-88
-98
-107
-115
-123
-128
-134
-138
-141
-147
-150
-155
-156
-157
-156
-154
-149
-142
-132
-120
-103
-87
-68
-46
-24
1
24
48
71
93
116
136
155
173
187
200
209
213
213
209
201
189
177
164
150
137
127
119
111
107
103
99
96
90
82
72
60
45
28
9
-11
-31
-52
-72
-90
-106
-116
-124
-129
-128
-124
-118
-109
-99
-87
-76
-65
-53
-45
-35
-27
-20
-13
-7
3
11
22
33
46
61
76
91
104
116
125
129
129
125
117
103
86
67
45
23
1
-17
-34
-46
-54
-59
-60
-59
-56
-51
-48
-44
-41
-40
-39
-39
-38
-38
-37
-35
-34
-30
-27
-25
-23
-21
-19
-19
-20
-21
-24
-27
-30
-34
-39
-42
-48
-51
-53
-56
-55
-55
-54
-52
-51
-49
-46
-43
-41
-39
-35
-31
-29
-30
-29
-28
-27
-25
-24
-21
-15
-5
6
17
30
44
56
68
76
82
86
86
85
81
77
69
62
55
48
42
38
38
38
38
40
46
51
55
60
63
67
68
70
70
66
62
57
49
40
29
20
11
1
-6
-15
-20
-25
-28
-31
-33
-34
-34
-37
-38
-39
-38
-39
-40
-40
-37
-31
-26
-17
-8
6
17
28
39
46
51
50
46
37
25
10
-7
-24
-38
-50
-57
-60
-54
-43
-25
-1
24
52
74
94
108
113
110
96
74
47
10
-29
-70
-106
-138
-167
-187
-198
-196
-189
-177
-157
-138
-114
-91
-74
-60
-51
-46
-48
-55
-66
-81
-97
-116
-133
-144
-150
-148
-138
-121
-91
-54
-10
36
88
138
184
224
259
292
317
327
332
328
324
318
304
291
279
269
266
260
253
245
233
224
206
181
151
115
76
36
-6
-45
-82
-115
-142
-163
-175
-180
-180
-179
-175
-167
-163
-159
-161
-169
-180
-196
-212
-231
-250
-262
-272
-275
-271
-267
-256
-238
-220
-200
-185
-175
-165
-162
-163
-170
-180
-189
-197
-201
-200
-191
-173
-146
-111
-71
-26
22
69
115
155
189
216
233
242
244
241
230
217
202
189
181
178
182
192
207
226
247
269
287
303
309
307
298
280
258
228
194
161
125
94
67
44
26
15
7
2
-1
-5
-11
-20
-34
-53
-76
-104
-132
-162
-191
-216
-236
-249
-254
-252
-242
-225
-203
-177
-149
-123
-99
-81
-69
-62
-63
-70
-79
-91
-103
-111
-118
-119
-111
-99
-82
-61
-39
-19
0
14
21
22
16
4
-13
-36
-60
-83
-102
-114
-121
-119
-107
-85
-55
-18
25
70
113
150
184
210
226
233
226
213
195
172
148
123
101
86
78
76
79
84
94
103
110
113
111
103
92
75
56
35
15
-2
-14
-24
-31
-34
-35
-32
-30
-30
-27
-30
-34
-42
-52
-62
-71
-80
-87
-90
-90
-86
-79
-72
-63
-54
-47
-40
-37
-38
-41
-47
-54
-65
-75
-87
-96
-103
-108
-111
-112
-105
-96
-84
-68
-51
-34
-17
0
14
25
36
44
50
59
63
70
76
80
85
91
96
102
105
106
107
105
99
93
82
73
61
48
36
25
16
8
2
-2
-4
-4
-2
-1
3
7
12
16
19
22
24
24
22
20
17
11
4
-4
-10
-18
-24
-29
-33
-35
-35
-36
-35
-32
-30
-25
-24
-21
-19
-16
-15
-16
-19
-23
-28
-34
-42
-50
-58
-63
-68
-72
-74
-75
-75
-73
-71
-68
-66
-62
-56
-54
-49
-45
-40
-35
-28
-22
-16
-8
-1
7
14
20
26
31
36
39
42
44
48
52
54
56
60
63
67
69
71
73
73
73
73
73
73
75
76
77
77
77
77
76
73
67
62
56
49
40
32
23
14
8
0
-5
-11
-16
-22
-27
-33
-38
-44
-50
-57
-63
-67
-73
-76
-80
-84
-86
-87
-89
-89
-88
-85
-80
-77
-73
-67
-60
-53
-46
-39
-32
-25
-20
-15
-10
-5
-2
3
6
12
16
19
22
26
28
31
31
31
30
29
27
23
20
18
15
14
15
14
16
18
18
21
23
25
25
25
23
22
20
18
16
14
14
13
13
15
17
19
21
25
26
30
31
33
34
32
30
27
24
19
15
12
8
5
1
-3
-6
-9
-13
-17
-22
-28
-31
-35
-39
-42
-45
-48
-51
-51
-51
-53
-51
-50
-48
-46
-43
-41
-38
-33
-30
-25
-21
-15
-8
-3
4
9
14
21
25
30
34
39
44
48
51
56
59
61
62
63
64
61
60
54
51
47
43
38
33
28
26
22
19
16
13
9
6
4
1
-3
-5
-9
-11
-13
-15
-18
-18
-20
-22
-24
-26
-30
-33
-36
-37
-40
-41
-40
-42
-42
-41
-40
-40
-39
-38
-36
-35
-34
-32
-30
-29
-26
-24
-22
-20
-19
-15
-14
-12
-9
-7
-6
-4
-2
0
3
4
6
10
12
14
17
21
22
24
27
29
31
32
35
38
41
44
47
50
52
53
53
53
51
48
45
43
38
34
29
24
20
15
10
7
4
0
-4
-8
-13
-15
-20
-24
-26
-28
-31
-32
-34
-35
-35
-36
-36
-34
-32
-31
-30
-29
-26
-24
-22
-22
-21
-19
-17
-14
-12
-11
-10
-8
-6
-7
-5
-4
-3
-1
0
0
1
1
1
0
0
1
2
3
5
6
6
7
6
4
5
5
5
6
6
5
5
4
5
6
6
6
7
9
10
10
11
12
13
13
12
13
12
11
9
8
6
5
4
2
2
0
-1
-1
-3
-4
-4
-3
-3
-5
-4
-4
-4
-5
-4
-5
-5
-5
-5
-4
-3
-2
0
0
0
0
-1
0
2
2
2
0
1
2
2
2
3
3
4
3
2
0
-1
-1
-2
-2
0
0
0
-1
-1
-1
0
-1
-1
-2
-4
-4
-5
-5
-6
-6
-5
-6
-6
-7
-7
-6
-7
-6
-6
-6
-6
-6
-5
-3
-3
-2
-2
-2
-2
-1
-2
-2
-2
-3
-3
-3
-3
-1
0
-1
0
1
0
1
1
2
4
4
5
6
7
8
9
10
9
10
10
11
10
10
10
9
10
9
10
9
7
8
8
8
10
10
8
7
6
7
6
4
3
1
0
-2
-2
-4
-5
-3
-4
-5
-4
-3
-3
-4
-5
-5
-5
-5
-6
-7
-9
-8
-8
-10
-10
-11
-11
-10
-10
-9
-8
-8
-6
-5
-4
-4
-2
-2
-1
0
1
1
3
3
2
3
2
3
3
4
3
3
2
3
3
4
4
4
3
2
4
4
4
4
4
3
2
1
1
1
-1
-2
-1
-1
-1
0
0
0
1
2
1
2
2
1
1
2
1
1
0
-1
0
0
0
0
1
1
0
-1
-2
-1
-1
-2
-3
-3
-4
-4
-5
-5
-4
-2
-1
-1
-1
-2
-1
-3
-3
-3
-3
-4
-4
-4
-4
-4
-2
-3
-2
-1
1
2
3
4
4
4
6
5
6
6
5
6
5
5
4
6
6
7
8
8
8
9
9
8
7
6
6
6
6
5
2
0
-1
-3
-4
-7
-7
-9
-10
-11
-10
-10
-10
-10
-10
-9
-9
-8
-8
-6
-5
-6
-4
-4
-3
-4
-4
-3
-2
0
-1
0
0
1
3
1
2
2
2
2
2
4
3
2
1
1
0
0
0
2
2
3
3
3
5
5
3
3
3
2
2
1
2
2
1
1
0
1
0
1
0
-1
-1
0
0
1
1
2
1
1
0
0
0
0
0
0
0
-1
-1
-1
-1
-3
-4
-3
-2
-1
-2
-1
-1
-1
0
0
0
0
2
3
4
3
4
4
5
4
3
4
6
6
5
5
5
5
5
4
2
2
0
1
0
-1
-1
-1
-2
-5
-5
-5
-7
-6
-6
-5
-6
-6
-7
-7
-7
-7
-6
-5
-5
-4
-2
-1
-2
-1
-1
0
-1
-1
0
1
2
3
3
3
3
4
3
3
4
4
5
5
4
5
4
5
4
2
2
2
2
1
1
1
-1
-1
-2
-2
-2
-2
1
1
3
3
3
3
3
3
3
3
2
1
2
2
1
0
0
0
0
0
-1
-3
-3
-4
-5
-6
-6
-6
-6
-5
-3
-2
-2
-3
-1
-2
-2
0
1
3
1
1
1
3
2
2
2
3
3
3
4
2
4
4
4
3
1
0
0
0
-2
-2
-2
-2
-1
0
-1
-3
-2
-2
-3
-2
-1
-2
-1
0
-1
0
0
-1
0
-1
0
0
0
-2
-2
-2
-2
-3
-1
0
1
1
1
0
2
3
4
6
5
5
5
5
4
3
3
4
3
2
1
1
2
2
2
2
2
2
2
1
0
-1
-2
-3
-4
-4
-5
-4
-5
-5
-4
-5
-4
-2
-4
-3
-2
-3
-4
-3
-3
-1
-2
-2
-1
0
1
0
1
1
2
2
2
3
2
2
3
1
2
2
1
0
0
1
1
1
0
1
0
0
0
-1
-1
-1
-1
-1
0
1
1
0
0
1
1
2
3
3
1
1
0
1
-1
0
0
0
0
2
1
0
0
-1
-1
0
-1
-1
-1
-1
-1
0
0
1
1
0
0
3
3
0
1
1
0
-1
-1
-2
-1
-1
-1
0
-1
-1
-1
-1
0
0
-1
-1
-2
-3
-3
-2
-2
0
0
2
1
1
0
-1
-1
-2
-2
-1
0
-1
0
-1
0
-1
0
0
-1
-2
-1
-1
-2
-3
-2
-3
-3
-1
0
0
0
2
1
2
4
3
4
5
4
4
5
4
5
5
3
3
4
3
3
2
3
3
1
1
0
-1
-1
-1
-2
0
0
1
1
1
1
1
1
1
1
0
-1
0
-2
-1
-2
-1
-1
-1
-1
-1
-1
-1
-2
0
-1
-2
-2
-2
-3
-3
-1
-1
0
0
0
0
1
1
-1
-1
-2
-1
-1
-2
-1
-1
-2
-1
-1
1
1
0
-1
-1
-1
-1
-3
-4
-3
-3
-2
-1
-1
0
-1
-1
-2
-1
-2
-3
-3
-2
-2
-2
-1
-1
0
1
1
3
2
3
1
1
2
3
3
5
5
5
4
4
5
6
6
7
7
6
5
6
5
4
5
5
3
2
1
0
0
0
-2
-2
-3
-3
-2
-3
-1
-4
-4
-3
-4
-4
-3
-3
-3
-4
-3
-4
-5
-5
-4
-5
-6
-5
-6
-6
-5
-4
-3
-1
-1
0
-1
1
0
0
-1
0
1
1
1
1
1
1
3
4
4
4
3
3
1
1
0
0
0
1
2
2
2
4
4
3
4
3
3
3
2
1
1
0
0
1
0
0
0
0
0
0
-1
-1
-3
-4
-2
-3
-3
-2
-4
-3
-4
-2
-3
-1
-1
0
1
1
1
0
1
0
0
0
0
0
0
1
1
1
1
0
0
-1
0
0
-1
0
1
1
2
3
1
1
1
2
1
1
0
1
0
0
0
0
-1
-1
-2
-1
-2
-2
-1
-1
-1
0
0
0
0
0
-1
-2
-1
-1
-1
-1
-1
0
0
0
1
1
0
0
0
-2
-1
-3
-3
-3
-3
-2
-1
-1
-1
-1
0
1
0
1
0
2
0
2
1
2
2
1
1
0
0
1
1
1
2
3
3
3
3
3
3
2
2
3
3
3
3
3
2
3
2
1
0
0
-1
0
-1
-2
-1
-2
-1
-1
-2
-3
-2
-3
-3
-3
-4
-3
-2
-2
-1
-1
1
1
1
1
0
0
0
1
-1
0
-1
0
0
-1
-1
0
0
0
-1
0
-1
-1
-2
-1
0
0
-1
0
-1
0
0
0
0
1
0
-1
-1
0
-1
-2
-1
-1
-1
-1
-1
-1
-1
0
0
1
1
1
1
1
0
1
2
3
4
3
3
3
3
2
2
2
2
1
1
2
1
2
1
0
0
0
-1
-1
-2
-2
-2
-1
0
0
0
1
0
0
0
-1
-1
-1
-3
-4
-3
-4
-3
-3
-2
-2
-1
-3
-3
-3
-2
-2
0
2
1
2
2
3
3
3
3
2
3
2
1
0
-1
0
0
0
1
0
0
-1
1
1
2
1
1
1
-1
1
2
0
1
1
0
0
0
0
-1
0
0
0
0
0
1
-1
0
1
0
0
0
1
1
2
3
2
1
-1
0
-1
-2
-2
-3
-3
-1
-2
-2
-1
-1
-1
-1
-2
-2
-2
-3
-2
-2
-1
-1
0
0
0
1
-1
-1
-1
-1
-1
-1
0
0
0
0
1
1
2
0
1
1
1
0
0
-1
-1
0
1
2
3
2
2
2
3
2
1
2
0
1
1
1
1
2
2
3
4
3
2
1
1
-2
-2
-2
0
-2
4
-3
3
0
0
0
-3
1
-3
1
0
-4
-5
-3
-2
-1
-5
-6
-5
-3
-2
-2
-2
-1
0
0
0
-2
-1
-1
1
1
0
0
1
2
1
1
0
-1
1
3
2
1
3
4
3
3
2
2
1
2
1
0
0
1
1
1
1
2
1
1
1
2
2
2
2
1
1
1
1
1
1
1
0
0
-1
-2
-2
-2
-2
-2
-2
-1
-2
-1
-1
-1
-1
-1
-1
-1
-1
-1
0
-1
0
1
2
1
1
1
1
1
0
0
0
-1
-1
-1
-2
-3
-2
-1
-1
0
1
1
1
0
1
1
1
2
1
1
1
0
-1
-1
0
0
0
1
2
1
0
0
0
-1
-1
-2
-1
-1
2
3
3
3
3
3
2
1
0
1
0
0
-1
-2
-3
-2
-2
-1
-1
1
1
2
2
2
1
-1
-1
-1
-2
-3
-4
-4
-3
-2
-2
-3
-1
0
0
-1
1
0
0
1
0
-1
0
-1
-1
0
1
1
1
1
2
1
1
1
2
1
2
1
1
0
1
1
1
2
2
1
1
0
0
-1
-2
-2
-3
-2
0
1
2
2
2
1
0
1
1
0
1
2
1
2
1
2
1
1
0
-1
0
-2
-2
-3
-3
-3
-3
-5
-3
-3
-3
-3
-2
-1
-2
-2
-3
-2
-1
-1
1
1
0
1
2
1
1
3
2
1
1
0
-1
0
1
0
1
1
1
1
0
1
1
0
0
1
1
2
0
-1
-1
0
-1
-1
-2
-1
-2
-2
-1
0
0
1
1
2
2
1
1
-1
0
0
-1
1
0
0
1
1
0
0
1
2
2
3
3
2
2
1
-1
0
-1
-1
0
0
-1
-2
-2
-3
-3
-2
-2
-1
-1
0
0
-1
-1
-1
-1
-1
-1
0
-1
0
0
0
0
-1
-1
0
1
1
1
3
2
3
3
2
2
1
1
1
1
1
2
2
2
1
2
1
2
2
0
0
1
0
2
2
0
-1
-1
0
0
0
0
0
-1
-1
-1
-1
-2
-2
-2
-2
0
0
1
1
1
0
1
0
-1
-1
-1
0
-1
0
0
-1
-1
-1
-1
-2
-2
-3
-2
-3
-3
-2
-1
-1
0
1
2
2
0
0
0
1
0
0
1
0
1
2
1
2
2
2
0
1
2
2
1
2
2
2
1
2
1
2
2
3
2
2
1
0
-1
-1
-2
-1
-1
-2
-1
-1
-2
-1
-1
-1
0
0
-2
-1
0
0
-2
-1
-1
-1
-2
-3
-2
-3
-3
-3
-2
-2
-2
-1
-1
-1
-1
0
0
1
1
2
2
1
2
0
1
0
1
2
1
1
1
2
2
0
3
2
3
3
2
1
2
1
0
0
0
-1
-1
-2
-2
-1
-2
-1
-2
0
0
1
1
1
0
0
1
2
2
2
3
3
2
3
2
1
1
0
0
-1
-1
-1
-1
-1
-1
-2
-2
-2
-2
-2
-3
-2
-2
-2
-1
-1
-2
-1
-1
-1
0
0
-1
0
0
0
-1
-1
-1
-2
-2
-1
-2
-3
-2
-2
-1
-1
0
-1
0
1
1
2
0
0
0
-1
-1
-1
-1
1
1
4
2
3
4
3
3
2
1
0
1
0
0
0
1
1
2
3
3
3
4
3
2
2
1
-1
-1
-1
-1
0
0
1
1
2
2
1
1
-1
-1
-3
-5
-6
-6
-5
-4
-3
-1
-2
-1
-1
-2
-2
0
-1
-1
-1
-1
-2
-2
-2
-2
-2
-1
0
1
1
1
1
2
2
2
3
3
2
1
1
1
2
1
2
3
1
3
1
-1
3
1
1
0
1
2
2
2
2
3
3
2
2
1
0
-1
-2
-2
-2
-2
-2
-3
-3
-3
-2
-2
-2
-2
-1
0
-1
0
0
0
1
0
0
1
2
-1
0
0
0
-1
0
-1
-1
0
0
0
0
-1
0
1
1
0
2
1
0
0
0
-1
-2
0
-1
-1
0
0
-1
0
0
0
-2
0
-1
0
0
0
-1
0
1
1
2
3
2
3
2
3
1
1
2
0
-1
-1
-2
-2
-1
0
1
1
1
1
1
1
0
1
1
0
-2
-1
-2
-2
-2
-3
-3
-3
-4
-3
-3
-1
-2
-1
-1
-2
1
1
1
2
2
2
1
1
1
-2
0
0
-1
0
-1
0
0
1
1
1
2
2
2
1
0
1
1
2
1
0
0
0
0
0
0
0
0
0
0
0
2
2
1
2
1
1
1
0
-1
-1
-2
-1
-1
0
0
-1
-1
0
-1
-1
-1
-1
-2
-2
0
0
1
1
2
0
0
1
0
-1
0
-2
-3
-3
-3
-3
-2
-1
0
1
0
1
0
0
-1
-1
-1
-2
-1
0
-1
-1
-1
0
-1
0
-1
0
0
0
0
0
0
0
-1
0
1
1
1
2
3
3
3
3
2
2
0
2
1
0
-1
0
0
1
1
2
1
1
2
1
1
1
2
1
1
1
1
-1
-1
-1
-2
-3
-3
-3
-3
-2
-2
-2
-2
-3
-3
-3
-3
-2
-3
-3
-2
-2
-2
-1
1
1
2
2
3
2
2
2
1
1
0
1
0
0
1
3
2
1
1
1
1
1
1
1
1
1
0
1
0
0
0
0
1
0
0
1
0
1
1
1
1
1
1
1
1
0
0
-1
0
0
1
1
0
1
2
2
1
1
1
1
0
1
0
0
-1
-2
-1
0
0
0
0
-1
0
-1
-2
-2
-2
-2
-2
-3
-2
-2
-3
-2
-2
-3
-3
-3
-2
-3
-2
-2
-1
-1
0
1
2
2
2
2
2
2
1
3
4
3
3
2
2
4
3
1
1
1
2
2
4
3
3
2
1
2
2
0
-1
0
0
0
-1
1
-1
-2
-1
-1
0
0
1
0
0
-1
-1
-1
-3
-3
-3
-3
-3
-5
-4
-5
-5
-3
-3
-1
-1
1
0
0
1
1
1
0
2
0
0
0
1
-1
0
0
-1
0
1
0
1
1
0
1
1
1
1
1
2
2
2
1
0
0
0
0
0
0
1
1
2
2
2
3
2
3
4
2
1
1
1
1
1
1
0
0
-2
-2
-1
-1
-1
0
0
-1
-2
-2
-2
-2
-3
-2
-3
-3
-3
-4
-6
-5
-4
-5
-5
-5
-4
-2
0
2
3
3
3
3
2
2
3
2
2
1
1
1
0
0
1
1
0
0
1
1
2
2
1
2
1
1
1
1
0
0
1
0
1
1
1
1
0
0
-1
-1
-1
-2
-2
-2
-2
-1
1
1
1
1
1
2
2
1
1
2
1
1
-2
-1
-1
1
0
0
0
-1
-1
-2
-2
-3
-3
-3
-4
-3
-2
-1
-1
-1
-1
0
-1
-1
0
-1
0
1
1
1
0
1
0
0
1
2
2
3
2
3
3
2
2
2
2
1
2
2
2
2
4
4
2
1
1
0
0
-1
0
0
1
0
1
0
0
-1
-1
0
-1
-1
0
-1
-1
-2
-2
-3
-3
-3
-3
-3
-2
-1
-1
-1
-1
-1
1
1
1
0
0
0
0
0
1
1
1
2
1
1
0
0
0
-1
-1
-1
-1
-1
-1
0
0
0
0
0
0
0
-1
0
-1
-1
-2
-2
-2
-2
-2
-2
0
1
0
1
0
0
0
0
1
2
2
2
3
4
3
3
4
2
2
2
1
1
0
0
0
-1
0
1
1
2
1
1
1
1
1
1
-1
-1
-2
-1
-2
-3
-3
-3
-2
-2
-1
-2
-2
-2
-2
-2
-3
-3
-4
-4
-4
-2
-2
-1
-1
0
1
1
1
2
2
3
3
3
3
2
2
1
1
2
1
2
1
1
0
0
0
1
1
1
1
3
2
2
1
0
0
0
-2
-1
-1
1
0
1
1
0
1
-1
-1
-3
-2
-1
-1
1
2
2
1
0
0
-1
-1
-1
-1
-1
-1
-1
-1
-1
-1
-1
-1
-1
-1
-1
-2
-3
-2
-4
-2
0
0
0
0
1
3
1
1
1
0
-1
-1
-2
-3
-3
-1
-1
0
1
1
-1
0
1
-1
0
-1
3
0
-1
-1
-2
1
0
2
2
1
1
1
2
3
3
3
2
2
3
3
4
4
2
2
2
3
4
2
3
2
2
2
0
-1
-2
-4
-4
-3
-4
-3
-4
-2
-2
-2
-2
-3
-3
-4
-6
-5
-5
-5
-5
-5
-4
-3
-2
-2
1
0
1
1
1
2
2
1
1
1
1
0
1
2
2
3
4
3
4
4
5
5
5
5
4
5
5
6
4
4
2
1
0
0
-1
-2
0
0
0
0
0
-2
-1
-1
-1
-3
-4
-4
-3
-2
-2
-1
-2
-1
-2
-1
-1
0
1
1
1
1
0
-1
-1
-1
-2
-3
-2
-1
-1
-1
-1
-1
-1
-1
-1
0
1
1
1
0
1
0
0
0
0
2
2
2
2
2
1
1
0
1
0
0
0
0
0
0
-1
-1
-2
-2
-2
-3
-2
-2
-1
0
0
2
2
2
2
1
1
1
1
1
-1
0
0
0
1
0
1
2
2
2
2
2
3
2
1
1
0
0
1
1
-1
0
1
0
-1
-1
-1
-2
-2
-3
-3
-2
-2
-2
-2
-1
-1
-2
-2
-2
-1
-1
-2
-1
-1
1
1
1
2
2
1
2
1
2
2
0
0
-1
0
-1
0
-1
-3
-2
-2
-1
-1
0
2
3
4
3
4
4
4
3
2
1
0
1
1
-1
1
1
2
1
0
0
-1
-2
-2
-2
-1
-2
-3
-3
-3
-3
-2
-2
-3
-2
-2
-2
-1
-2
-2
